46

24
2 25
191.803 113.921 -9.09719
191.809 114.014 -9.13188
191.844 114.086 -9.23088
191.875 114.146 -9.37111
191.921 114.211 -9.52563
191.994 114.305 -9.65489
192.119 114.402 -9.76046
192.359 114.599 -9.85199
192.786 114.938 -9.92274
193.307 115.473 -10.0841
193.811 116.302 -10.3958
194.212 117.416 -10.8819
194.349 118.83 -11.6273
194.079 120.527 -12.5899
193.156 122.444 -13.7908
191.464 124.525 -15.1614
188.838 126.52 -16.6835
185.309 128.009 -18.2535
181.001 128.452 -20.0624
175.857 127.24 -22.13
170.553 124.111 -23.9902
165.532 118.794 -25.8208
161.09 111.874 -27.2902
157.711 103.285 -28.4384

10
167 176
160.265 56.3743 -57.4562
161.793 58.0445 -54.2602
162.416 60.9426 -52.0432
162.004 64.5577 -50.3815
160.592 69.0747 -48.6443
159.001 74.1916 -47.5342
157.484 79.6783 -46.9542
155.714 85.2787 -47.0853
154.061 91.0431 -47.5384
151.737 97.5357 -48.55

10
234 243
43.5794 56.7966 11.6451
43.2751 62.5946 14.7531
42.161 68.9118 16.3289
40.085 75.3321 16.3752
37.2707 81.4294 14.9076
34.595 87.2624 11.2507
31.0687 92.6118 5.7305
26.5747 97.1808 -0.868599
21.5981 100.915 -7.70928
15.8192 103.228 -14.7473

12
397 408
-170.44 108.666 -110.849
-171.656 105.329 -111.673
-172.806 102.282 -112.572
-173.84 99.7241 -113.236
-175.067 97.9182 -113.745
-176.207 96.6501 -114.069
-177.22 95.9023 -113.935
-178.155 95.7066 -113.639
-178.881 95.8757 -113.311
-179.397 96.1536 -113.004
-179.804 96.4143 -112.722
-179.948 96.5312 -112.502

10
454 463
-169 81.0185 -53.5224
-170.059 80.5902 -51.7294
-171.016 79.5744 -49.489
-171.982 78.1286 -46.8514
-172.956 76.2767 -43.812
-174.178 74.0591 -40.7524
-175.945 71.4631 -37.7788
-178.52 68.4382 -34.997
-181.578 65.2161 -31.9992
-185.221 62.0273 -29.4746

14
490 503
-168.947 70.2244 3.38549
-166.559 72.2065 6.14037
-164.326 74.0591 8.51156
-161.867 75.779 10.4179
-159.258 77.4829 12.008
-156.66 78.9779 13.1532
-154.028 80.3609 14.037
-151.662 81.5597 14.7942
-149.619 82.5994 15.2848
-147.904 83.4956 15.6196
-146.559 84.1911 15.8074
-145.693 84.6948 15.8324
-145.228 84.9352 15.7942
-144.921 84.8434 15.7025

13
614 626
-134.699 80.2317 87.2259
-133.487 80.9054 88.0436
-132.03 81.1408 89.088
-130.512 81.089 90.5989
-128.88 80.7615 92.2584
-127.027 80.0148 93.8449
-124.954 78.9448 95.4801
-122.411 77.5535 97.1353
-119.436 75.8815 98.9211
-116.282 73.8246 101.059
-113.078 71.3471 103.741
-110.04 68.4175 107.297
-106.899 65.1549 111.399

11
1018 1028
-121.359 47.9315 7.42517
-123.701 49.1093 5.70044
-126.788 51.6618 4.74887
-129.376 55.4836 5.98362
-131.291 60.3962 7.2233
-132.251 66.0599 9.87419
-132.267 72.0351 13.6929
-130.954 78.2003 18.7607
-128.079 84.5002 24.656
-123.35 90.3751 31.2719
-115.015 95.2638 38.2156

11
1260 1270
-8.13352 84.937 -38.9593
-12.2533 87.777 -47.1958
-14.2287 89.906 -56.1534
-14.1714 90.533 -65.4972
-13.0725 90.8088 -73.6834
-11.68 90.4003 -80.4121
-10.8768 89.5345 -85.2509
-10.5034 88.1418 -89.1184
-10.5468 86.2515 -91.8135
-11.5291 84.6736 -93.5013
-13.0361 83.8926 -94.139

12
1337 1348
60.4073 141.191 -145.951
61.5256 133.078 -147.867
62.8696 124.849 -147.782
63.6277 117.024 -146.564
64.1311 109.847 -143.857
64.3212 103.867 -140.932
64.4605 98.9956 -138.29
64.5815 94.9256 -135.988
64.8412 91.3957 -134.122
64.975 88.7771 -131.986
65.14 87.2303 -130.252
65.5693 86.6513 -129.689

10
1349 1358
65.9779 86.9646 -129.48
66.5393 87.662 -129.938
67.2632 88.2988 -130.892
68.1055 88.6209 -132.082
69.0555 88.4884 -133.373
70.1089 87.9453 -134.715
71.1558 87.0626 -136.146
72.0954 86.0109 -137.622
72.9738 84.9733 -139.479
73.7927 84.1503 -141.576

11
1366 1376
78.0202 83.3234 -156.823
79.899 83.8624 -156.427
81.9566 84.4732 -155.366
84.2949 84.9426 -154.066
87.1949 85.59 -152.719
90.5267 86.6703 -151.335
94.2523 88.0858 -149.894
98.5074 89.8464 -148.718
103.288 91.8945 -147.999
108.546 94.2363 -147.532
113.939 96.6626 -146.985

11
1488 1498
-7.41084 90.7451 -8.3264
-1.29013 90.4838 -7.47348
5.2543 91.6993 -6.9778
12.274 94.785 -6.7855
18.6386 99.8609 -6.68693
23.501 106.874 -6.87016
26.9711 115.48 -7.03996
28.7837 125.497 -7.18168
29.0955 136.943 -7.5593
27.9493 149.221 -8.10385
26.1774 161.904 -8.16621

11
1527 1537
97.3608 115.644 -4.41159
94.9169 108.19 -1.46249
91.0319 102.015 1.88566
86.4904 97.5307 5.01906
81.97 94.6101 7.87514
77.9919 92.8659 10.1872
74.821 91.9426 11.9333
72.5942 91.3538 13.0616
71.2341 90.8574 13.6897
70.6544 90.3359 14.021
70.4895 89.8358 14.025

18
1547 1564
82.3368 82.6004 7.30183
84.5401 83.0779 6.96768
86.9438 84.2434 6.64668
89.7825 85.432 6.31841
93.4212 86.5308 5.8688
97.5143 87.2245 5.56947
101.684 87.4789 5.4331
105.881 87.2823 5.44408
110.325 86.6928 5.30646
115.152 85.9987 4.93955
120.462 85.5987 4.55018
126.212 86.1229 3.9555
132.526 87.6821 3.02016
138.928 89.9456 1.83339
145.844 92.5302 0.261255
153.435 95.248 -1.78346
161.868 97.9641 -4.30774
170.795 100.892 -6.75881

10
1586 1595
234.886 88.8995 -47.9462
233.232 91.1584 -47.9216
230.969 95.0149 -48.5907
226.558 99.3892 -48.7942
220.838 103.638 -48.667
214.113 107.393 -48.097
206.472 110.413 -47.0241
198.287 112.474 -45.4008
189.861 113.474 -43.1102
181.366 113.15 -39.9057

12
1689 1700
-103.324 121.009 -1.44968
-100.925 112.108 -2.30508
-96.8282 104.205 -3.92183
-91.0308 98.002 -6.30017
-84.6229 94.0629 -8.69463
-78.5446 91.9604 -10.9701
-72.7451 91.2574 -12.9878
-67.6202 91.4988 -14.4453
-63.779 92.2035 -15.4614
-61.138 92.9957 -16.1178
-59.8052 93.4971 -16.5526
-59.8105 93.4726 -16.6801

10
1701 1710
-60.8623 92.9161 -16.4769
-62.8387 92.031 -15.8135
-65.7072 90.9602 -14.6664
-69.3536 89.6965 -13.1799
-73.4661 88.3876 -11.4943
-78.0454 87.0537 -9.54538
-82.9766 85.7797 -7.38289
-88.1305 84.5373 -5.15543
-93.3565 83.3124 -2.87328
-98.7569 82.1446 -0.511832

11
1787 1797
-82.9601 110.428 -125.928
-77.7776 120.46 -124.431
-75.1643 131.424 -123.241
-74.7052 142.709 -122.59
-75.4955 153.654 -122.734
-76.7886 163.883 -123.011
-77.13 173.378 -122.984
-76.449 182.519 -122.929
-75.5381 189.827 -122.119
-74.7534 195.533 -120.732
-73.0812 199.991 -118.994

11
1811 1821
-37.4922 169.999 -107.56
-32.765 167.669 -107.046
-28.0463 165.431 -106.045
-23.4951 162.43 -104.65
-19.4581 158.433 -102.995
-16.2136 152.98 -101.268
-14.1447 146.408 -99.7649
-13.1664 139.036 -97.8772
-13.46 131.259 -95.6631
-14.9473 123.43 -93.3214
-17.6862 115.738 -90.9241

14
1822 1835
-21.5218 108.753 -88.4678
-26.2056 102.892 -85.7731
-31.5022 98.4043 -83.043
-37.1067 95.179 -80.2775
-42.7621 92.9489 -77.6102
-47.8682 91.4656 -75.0553
-52.58 90.4689 -72.8236
-56.5969 89.647 -70.8013
-59.7432 89.0142 -69.2435
-61.919 88.6589 -67.4546
-63.0925 88.4416 -65.8644
-63.9578 88.4101 -64.4265
-64.3137 88.3874 -63.2424
-64.1728 88.2912 -62.3253

20
1841 1860
-56.6468 87.5465 -59.765
-55.5153 87.6048 -58.9567
-54.3235 87.4222 -58.2052
-52.6636 86.9417 -57.4732
-50.7217 86.2892 -56.7813
-48.3073 85.5744 -56.257
-45.5012 84.9135 -55.765
-42.4177 84.3631 -55.2078
-39.0164 83.9371 -54.5165
-35.3451 83.5668 -53.8666
-31.4043 83.3994 -53.1519
-27.0985 83.3428 -52.4256
-22.4608 83.4559 -51.5955
-17.0913 83.7614 -50.8718
-10.9346 84.4815 -49.9614
-4.45181 85.8064 -48.8919
2.65599 88.1381 -47.6515
10.1569 91.2761 -46.0934
17.7184 95.0393 -44.4417
25.326 99.165 -42.7562

14
1861 1874
32.926 103.364 -40.7555
40.1093 107.091 -38.4419
47.1538 110.239 -35.8822
53.4816 112.257 -33.4458
59.2947 113.142 -31.0951
65.0446 113.192 -29.1704
70.2454 112.23 -27.7298
74.3501 110.139 -26.4423
77.9937 107.646 -25.2271
80.9855 105.04 -24.3021
83.0654 102.473 -23.3507
84.4313 100.192 -22.305
85.3204 98.2139 -21.2737
86.1827 96.3698 -20.3698

12
2055 2066
-148.213 102.044 15.9952
-148.186 102.017 15.9837
-148.169 101.987 15.988
-148.244 101.999 16.0866
-148.439 102.091 16.3372
-148.826 102.382 16.8686
-149.542 102.841 17.7133
-150.542 103.502 18.8003
-151.815 104.55 19.9904
-153.262 105.864 21.1964
-154.917 107.526 22.2412
-156.605 109.448 23.0033

11
2132 2142
-50.3551 91.7228 18.9687
-42.9848 92.2468 16.2442
-35.8552 93.4607 14.0602
-29.0611 94.774 12.0927
-22.7487 96.0602 9.90063
-16.7666 97.2298 7.88253
-10.963 98.3407 6.26668
-5.54869 99.4797 4.97821
-0.365643 100.522 3.79568
4.39975 101.555 2.86831
8.67646 102.762 2.24813

13
2143 2155
13.0247 104.286 1.70262
17.634 105.891 1.05637
21.9769 108.873 0.571373
26.424 113.048 -0.0256555
29.8939 118.479 -0.753542
32.1054 124.898 -1.58467
32.7121 131.48 -2.50295
32.2293 138.208 -3.35858
30.7216 144.8 -4.12996
28.783 151.616 -5.13673
27.1959 159.068 -5.72653
26.3762 167.392 -6.23783
26.0295 176.282 -6.47217

10
2181 2190
87.2798 117.261 2.75425
84.4272 108.841 3.65199
80.4278 101.647 5.1395
75.6145 95.9596 7.27196
70.7563 92.188 9.64356
66.3522 89.8319 11.9058
62.7719 88.5614 13.8553
60.4724 87.8917 15.5153
59.3325 87.4596 16.9992
59.4202 87.171 18.3236

10
2191 2200
60.6446 86.7572 19.4836
62.7359 86.129 20.4556
65.4804 85.3034 21.254
68.9545 84.3751 22.1812
72.6392 83.6294 22.9972
76.6285 83.3845 23.2678
81.0918 83.4451 23.2691
85.7858 83.7988 22.931
90.6571 84.3636 22.5585
95.6661 85.1174 22.1991

12
2215 2226
205.347 83.7728 39.5688
208.01 83.4872 39.5516
210.264 83.9234 39.4583
212.145 84.8186 39.5645
213.731 85.9579 39.8447
215.213 86.9994 39.9418
216.562 87.7403 39.9436
217.876 88.1935 40.0004
219.163 88.2991 40.0763
220.393 88.1842 40.1035
221.26 87.9138 40.1268
221.702 87.7214 40.0267

10
2322 2331
-5.52801 90.6304 -19.6479
-10.6323 88.7156 -19.1484
-17.0071 87.4781 -18.4506
-24.1013 87.671 -17.5478
-31.6469 89.7974 -16.2511
-38.8159 93.8004 -14.3439
-44.9028 100.452 -12.2769
-49.3533 109.088 -10.578
-51.5634 119.394 -9.40477
-51.7821 130.599 -8.76813

10
2365 2374
-108.354 103.749 2.11402
-103.398 98.7122 0.021513
-97.9468 94.9841 -1.80286
-92.9867 92.4801 -3.09158
-88.4282 91.1227 -4.01973
-84.3051 90.5317 -4.12282
-81.2146 90.3055 -3.45793
-79.1225 90.1893 -2.29296
-78.0246 90.128 -0.812726
-77.6191 90.063 0.855618

12
2400 2411
-130.487 148.632 14.7586
-132.146 147.304 14.6047
-133.881 145.149 14.629
-135.582 142.37 14.6935
-137.321 138.82 15.0959
-138.912 134.642 15.5606
-140.837 129.881 16.3854
-143.228 124.716 17.5263
-146.062 119.163 18.9854
-148.807 113.378 20.4713
-151.672 107.528 21.9219
-154.584 101.412 23.4935

10
2533 2542
282.267 95.9234 -37.9744
283.652 95.2642 -41.2005
284.633 93.7463 -45.2736
285.352 91.4399 -49.902
285.277 88.6204 -55.0775
283.907 85.8143 -61.0861
281.024 84.0568 -67.4505
276.775 84.1163 -73.4314
272.03 85.5568 -78.9226
267.163 87.988 -84.3944

15
2552 2566
234.537 93.9815 -122.584
230.952 95.8234 -123.245
227.261 97.9645 -123.859
223.251 99.9702 -124.728
218.606 101.375 -125.853
213.446 101.825 -127.512
207.968 101.142 -129.631
202.011 98.9423 -132.033
195.527 95.4157 -134.922
188.37 90.9907 -137.277
179.113 86.4687 -140.051
168.304 82.6927 -141.993
157.525 79.7615 -142.706
145.984 77.8027 -142.77
133.639 76.7854 -141.877

10
2604 2613
-178.43 218.916 -75.6329
-182.296 218.489 -72.7275
-187.056 216.241 -69.7978
-193.059 212.266 -67.4231
-200.525 206.874 -65.7941
-208.59 200.33 -64.6192
-216.791 192.949 -63.1884
-225.359 184.198 -60.9182
-235.688 176.489 -59.4973
-246.954 168.498 -58.1148

11
2614 2624
-257.436 160.314 -57.1188
-266.591 152.766 -56.3957
-275.155 145.248 -55.125
-282.635 137.107 -53.8179
-289.15 129.712 -53.0641
-294.871 122.859 -52.8005
-299.678 116.77 -53.155
-303.898 111.828 -53.4274
-307.57 107.214 -53.6781
-311.592 103.693 -53.2734
-315.806 100.954 -51.7071

18
2694 2711
17.4498 76.9902 52.7353
21.6169 77.2815 50.9003
25.9422 78.0739 48.8098
30.5833 79.429 46.7782
35.4102 81.3068 44.9913
40.2398 83.5335 43.7105
45.3101 85.7899 42.4369
50.4773 87.7687 41.0195
55.9241 89.1391 39.192
62.1913 89.8653 37.3817
69.0891 90.0314 36.1452
76.6276 90.0577 34.9119
84.7156 90.6005 34.3713
92.9176 92.4068 34.148
101.091 96.0193 34.4001
108.892 101.091 35.0741
116.436 106.898 36.2611
123.755 113.259 37.7039

13
2730 2742
188.906 111.524 9.99998
191.547 111.538 5.97214
193.788 112.486 1.86538
195.425 113.993 -2.40152
196.757 116.024 -7.22044
197.967 118.382 -12.6687
198.992 120.807 -18.7697
199.718 122.884 -25.9327
200.006 124.365 -33.9231
199.191 124.748 -42.9588
197.005 123.912 -52.4334
193.494 121.695 -62.1015
188.359 117.987 -71.0431

13
2758 2770
130.012 84.0609 -116.141
127.701 85.8408 -118.587
124.92 87.7142 -120.531
121.985 89.4457 -122.875
118.815 90.8347 -125.408
115.14 91.7728 -127.899
111.136 92.1687 -130.617
106.141 91.8779 -133.212
100.606 91.1396 -135.896
94.5966 89.7479 -137.615
88.6134 88.2638 -138.847
82.2725 86.8306 -139.052
74.7318 86.1103 -138.624

10
2867 2876
-13.9704 100.223 -14.1762
-17.7296 92.8559 -11.9447
-22.1992 88.2541 -8.77036
-26.6503 86.2742 -4.85967
-30.6262 86.2128 -1.11953
-34.2195 87.0904 1.8822
-36.7019 87.9698 3.59322
-37.9085 88.5048 5.18855
-38.5877 89.0525 7.16189
-38.3977 89.5775 8.65637

11
2885 2895
-7.45488 86.4114 -4.42859
-2.86986 86.133 -7.97942
1.46795 86.275 -11.7729
5.48311 86.9373 -15.5329
9.0771 87.986 -19.2012
12.2942 89.2145 -22.6148
15.2925 90.4719 -25.8087
18.3659 91.5449 -28.6013
21.4821 92.2925 -30.8039
24.6752 92.6817 -32.3287
27.9637 92.6207 -33.0919

12
2949 2960
122.35 88.1312 32.6708
121.406 88.3702 33.2946
120.318 88.5146 33.9914
119.304 88.5976 34.9662
118.637 88.6065 36.4175
118.225 88.2129 38.1455
118.39 87.5918 40.3484
118.434 87.1705 42.768
118.62 87.1715 45.1885
118.95 87.5187 47.826
119.239 88.0354 50.6121
119.154 88.4755 53.579

10
3039 3048
-138.183 95.9545 8.21421
-141.21 97.3424 9.68603
-144.331 98.4273 11.1163
-147.59 99.2361 12.2027
-150.754 99.8328 12.8969
-153.416 100.216 13.4667
-155.581 100.172 13.9281
-157.368 99.7869 14.0529
-158.638 99.0656 14.1368
-159.192 98.1085 14.3141

14
3105 3118
-26.1027 82.9252 19.1653
-26.8336 83.8649 19.0712
-28.2154 85.0802 19.1212
-29.7203 86.6738 19.0872
-30.7195 89.2495 18.6405
-30.3539 92.7337 17.2143
-28.4719 96.8863 15.1093
-26.574 101.679 13.2059
-25.3033 108.277 11.1311
-25.2438 116.363 9.80555
-27.3296 124.644 9.18627
-31.3237 132.9 9.19981
-36.6953 141.062 10.0425
-43.2671 148.802 11.6245

11
3154 3164
-92.905 94.2266 -17.8827
-99.6805 89.6522 -13.9448
-106.948 87.2489 -10.455
-113.915 86.2959 -7.64442
-118.622 86.0458 -7.25108
-124.135 85.8007 -4.73331
-127.317 85.4179 -3.76519
-129.753 84.8096 -2.38458
-131.28 83.8175 -1.56764
-132.42 82.7436 -1.09276
-132.242 81.634 -1.32783

13
3173 3185
-120.903 81.3565 -12.2526
-119.276 80.9224 -12.9606
-117.304 80.433 -13.1132
-114.962 79.8524 -12.5992
-112.597 79.4117 -10.9757
-109.862 79.0463 -8.8089
-108.153 78.9587 -5.88073
-105.371 78.9004 -3.06003
-102.673 78.9226 0.185356
-99.6635 79.1278 3.34958
-95.7426 79.5536 6.14563
-92.1815 80.3787 8.78502
-87.9748 81.3369 11.2497

