76

11
15 25
169.222 0.628579 -0.109468
169.211 0.622167 -0.118332
169.186 0.60026 -0.119835
169.185 0.59313 -0.148279
169.2 0.58541 -0.193935
169.19 0.583869 -0.23001
169.18 0.591204 -0.274505
169.147 0.571364 -0.312371
169.102 0.530468 -0.335332
169.074 0.497512 -0.36848
169.058 0.391054 -0.398134

11
55 65
147.565 1.09028 7.6356
147.476 1.2248 7.65281
147.314 1.48913 7.6003
147.006 1.95645 7.45124
146.58 2.64142 7.21837
145.978 3.35142 7.05404
144.803 3.97103 7.19824
142.704 4.29589 7.97789
139.479 4.25921 8.9683
135.674 4.00148 10.1731
131.757 3.86226 11.9299

10
95 104
143.858 0.402778 8.80906
143.883 0.397081 8.85146
143.935 0.357407 8.85738
143.969 0.344394 8.90934
144.03 0.384528 8.93224
144.089 0.482965 8.92176
144.182 0.64522 8.81948
144.751 0.854454 7.82219
145.578 1.09869 5.79292
146.105 1.40845 3.46773

11
107 117
147.745 1.96232 -3.17639
149.19 2.2186 -5.00452
151.062 2.52651 -6.82937
153.301 2.91583 -8.82511
155.825 3.38462 -11.0884
158.459 3.96152 -13.5551
161.118 4.56321 -16.2477
163.768 5.18619 -19.2299
166.388 5.69717 -22.5056
169.023 6.04578 -26.0382
171.657 6.22625 -29.6216

10
193 202
125.133 0.663798 -2.14022
125.009 0.676819 -2.18093
124.878 0.640975 -2.24332
124.65 0.667906 -2.31585
124.166 0.946259 -2.36904
122.888 1.37674 -2.10143
119.957 1.75236 -1.21378
115.75 2.33051 0.933229
111.096 3.50576 5.30855
106.017 4.99481 11.1188

10
214 223
106.031 0.322055 38.1886
105.578 0.518217 38.2098
104.757 1.52179 37.9469
103.059 2.62565 37.7519
99.9796 3.22639 38.0279
95.5828 3.51218 39.3427
89.9314 3.8215 42.0975
83.4827 4.25178 45.5246
76.081 4.78447 49.071
68.1465 5.17199 52.5189

10
233 242
48.9664 -0.258275 69.2069
48.8923 0.446363 68.7315
48.4371 3.29907 67.2271
46.277 7.4915 63.2525
41.458 12.002 57.3578
33.7663 15.3179 50.436
23.9051 16.7907 42.4393
13.627 15.8434 33.0111
4.05567 13.1964 21.5813
-3.97205 9.66205 8.67064

11
336 346
-90.5255 0.536116 -62.4921
-90.9269 0.888576 -61.9554
-91.4737 1.12283 -61.1385
-92.2001 1.37819 -60.164
-93.2101 1.81342 -59.1955
-94.5024 2.47182 -58.387
-96.0457 3.1434 -57.6028
-97.9911 3.71308 -56.7018
-100.928 4.00174 -55.897
-105.202 3.77219 -55.7365
-110.706 3.19076 -55.9252

15
376 390
-148.494 2.14574 -89
-152.818 2.46757 -96.3802
-156.62 2.82725 -103.471
-159.808 3.19353 -110.173
-162.359 3.52059 -116.381
-164.326 3.82226 -122.084
-165.722 4.03141 -127.421
-166.61 4.13074 -132.407
-167.008 4.15941 -137.03
-167.107 4.20339 -141.112
-167.145 4.35702 -144.608
-167.177 4.56821 -147.533
-167.172 4.69525 -149.868
-167.207 4.64944 -151.513
-167.747 4.523 -152.29

12
444 455
-201.795 0.966577 -88.826
-201.505 1.36483 -89.0666
-200.709 2.3598 -89.3986
-199.579 3.84696 -89.307
-198.534 5.56558 -88.7014
-198.003 7.24192 -87.5529
-198.264 7.91789 -85.1203
-198.833 7.72716 -81.2991
-199.862 7.01669 -76.2356
-201.229 6.05957 -69.8321
-202.369 4.90836 -62.4983
-203.032 3.71272 -54.7276

15
489 503
-206.682 2.28948 -26.5189
-206.907 2.41737 -26.3787
-207.825 2.8012 -25.6505
-209.156 3.75786 -24.1057
-210.25 5.2163 -21.9438
-210.734 6.99889 -19.4035
-210.489 8.96818 -16.641
-209.31 10.3774 -13.6112
-207.183 10.9199 -10.1317
-204.238 10.5942 -6.22984
-200.602 9.66358 -1.68469
-196.348 8.3922 3.20216
-191.618 7.10609 8.43813
-186.558 5.95509 13.9139
-181.369 4.98302 19.3651

10
504 513
-176.128 4.26895 24.792
-171.144 3.85941 30.0009
-166.511 3.59038 34.8158
-162.253 3.35611 39.0884
-158.73 3.01419 42.4114
-156.33 2.40655 44.4134
-155.928 1.70661 45.2914
-156.23 0.974204 45.1903
-156.315 0.775331 45.6437
-156.274 0.88548 45.7652

10
544 553
-156.635 0.942621 45.8048
-156.687 0.913568 45.9021
-156.66 0.852306 46.0556
-156.678 0.7779 46.5523
-157.347 0.839314 47.5409
-159.253 1.15394 48.5059
-161.958 1.58249 49.5909
-165.085 2.05671 50.907
-168.259 2.547 52.4271
-171.399 3.15285 54.3418

10
554 563
-174.085 3.7509 56.6426
-176.148 4.11745 59.3039
-177.499 4.18876 62.4
-178.185 3.97915 65.6357
-178.51 3.47867 68.6273
-178.911 2.7698 71.0064
-179.821 1.99267 72.164
-180.581 1.2867 73.1279
-180.7 1.09526 74.0523
-180.447 1.18614 74.2

10
574 583
-169.21 3.25587 112.334
-162.782 2.40145 120.672
-158.294 1.77602 126.653
-157.252 0.667566 129.935
-156.214 0.0837927 131.333
-155.608 0.531044 131.407
-155.605 0.475302 131.743
-155.647 0.380638 131.902
-155.782 0.540094 131.833
-155.754 0.50424 131.944

11
621 631
-120.304 3.0523 133.863
-114.431 3.05772 135.587
-109.47 3.03431 136.832
-105.358 2.64359 137.311
-103.287 1.82688 137.199
-103.127 1.11494 137.414
-103.061 0.819036 137.993
-102.958 0.797237 138.214
-102.907 0.692366 138.463
-102.876 0.651273 138.554
-102.875 0.641292 138.612

13
646 658
-103.704 2.90647 133.855
-102.736 4.42535 133.423
-100.516 7.00778 132.558
-96.5685 10.2433 131.448
-91.4034 13.4724 130.915
-85.2069 15.7781 130.864
-77.9316 16.3515 131.05
-69.7058 15.4095 130.847
-60.4646 13.7924 131.562
-50.0294 11.6244 133.345
-38.5411 9.21631 136.067
-26.0934 6.90967 138.987
-12.9447 4.77034 141.337

13
713 725
81.6405 7.93822 105.234
84.2878 5.3439 107.336
83.6003 3.85653 108.682
82.7974 2.1371 109.429
82.6787 1.34716 109.996
82.7426 1.17416 110.216
82.8028 1.13328 110.421
82.8215 1.11202 110.644
82.7692 1.12825 110.811
82.6787 1.15577 110.989
82.6134 1.22215 111.11
82.5709 1.26197 111.214
82.5737 1.30303 111.235

15
739 753
96.6996 1.88044 109.872
96.7683 2.25299 109.519
96.9816 3.12354 109.216
96.9216 4.97516 108.419
96.0639 7.79916 106.317
93.3246 11.5793 102.408
88.3647 15.5794 96.4324
80.7639 18.3261 89.2106
71.2157 19.378 81.6059
60.7735 18.8281 73.5393
49.7239 16.5827 64.4734
38.0076 12.9996 53.8649
25.7627 8.95657 41.4984
13.3156 5.27836 27.0452
0.99828 2.86956 11.3319

10
949 958
-222.54 0.610808 52.206
-221.853 1.15477 52.092
-219.667 3.37711 51.1432
-214.811 7.89278 49.9615
-206.992 13.7506 49.0293
-195.186 17.2938 47.9336
-179.843 17.5775 47.0375
-161.575 14.7495 47.7331
-140.361 9.91996 50.489
-116.406 5.40282 54.5217

10
978 987
-86.5514 12.1966 27.7161
-91.6148 14.6946 19.5658
-96.3924 15.812 11.9534
-100.979 15.7826 4.92182
-105.543 14.6939 -1.06998
-109.905 12.4089 -5.77955
-113.597 9.53521 -9.14029
-115.709 7.4531 -11.2782
-116.498 5.76331 -12.2089
-116.691 4.89269 -12.6927

10
1019 1028
-143.965 2.19846 -26.9352
-143.226 3.60223 -26.1678
-142.258 4.7481 -25.4474
-140.867 6.31261 -24.3604
-138.931 8.25105 -22.6251
-136.684 10.3934 -20.3283
-133.586 12.6138 -17.4272
-129.36 13.6502 -14.2493
-123.199 12.222 -10.7655
-116.219 9.13562 -6.51726

15
1168 1182
-16.6522 0.0914767 49.5869
-16.7498 0.0860497 49.6439
-17.0234 0.19204 49.5198
-17.5157 0.466447 49.2359
-18.1032 0.95278 48.9419
-18.4478 1.92546 48.6147
-19.5722 2.87874 47.2379
-22.3964 3.30178 44.6267
-26.5352 3.02502 40.7498
-31.2156 2.48919 35.9842
-35.7617 2.16606 30.6079
-40.1602 1.93193 24.4191
-44.9454 1.79576 17.0184
-50.6224 1.8157 8.49043
-56.744 1.90042 -0.806242

11
1273 1283
-11.3355 0.503798 -130.976
-11.2356 1.19678 -130.57
-11.5607 3.33548 -129.635
-12.6381 6.99161 -127.254
-14.7871 11.6678 -123.315
-18.0023 15.6776 -117.597
-21.8376 17.2213 -109.821
-24.8557 16.2406 -99.2802
-26.3905 13.4126 -86.4553
-26.2365 9.90572 -71.5996
-24.1732 6.78355 -55.5902

19
1357 1375
42.1229 0.850896 -120.679
42.1506 0.967073 -120.693
42.1538 1.04523 -120.727
42.1181 1.16369 -120.769
42.0071 1.33375 -120.899
41.8804 1.57362 -121.059
41.8834 1.92903 -121.168
42.0085 2.4785 -121.28
42.2175 3.40381 -121.631
42.6051 4.96631 -122.57
43.6607 7.42923 -124.242
45.5505 10.4882 -126.795
48.0255 13.3852 -130.061
51.0939 14.8631 -133.997
55.6668 14.2555 -138.495
61.8787 11.9793 -143.131
69.7987 8.92461 -147.563
78.9942 5.85911 -151.744
89.0851 3.42165 -155.642

10
1437 1446
-172.296 5.3595 -17.2739
-174.489 6.77271 -23.9536
-177.309 7.86455 -28.7389
-180.446 7.78259 -30.998
-182.916 5.86022 -30.7073
-184.237 4.11891 -30.4141
-184.478 3.05248 -30.9937
-184.642 2.53739 -31.1007
-184.874 2.12475 -31.0728
-184.947 1.68908 -31.3871

10
1447 1456
-184.989 1.64999 -31.5684
-184.635 2.6143 -31.7327
-183.546 4.44556 -32.076
-181.46 6.58494 -33.1938
-178.305 8.62124 -35.3456
-174.01 9.97424 -38.2055
-168.878 10.6797 -41.6275
-162.891 10.6869 -45.5658
-156.072 10.193 -49.6815
-148.6 9.25992 -53.1734

16
1475 1490
-98.1928 1.28221 -34.4953
-98.1924 1.42762 -34.5278
-98.1977 1.63142 -34.5542
-98.3274 1.90251 -34.4815
-98.4046 2.28641 -34.4055
-98.4225 2.82773 -34.2052
-98.35 3.65657 -33.8632
-98.053 4.85813 -33.3331
-96.9264 7.04995 -32.3502
-93.9014 10.4613 -30.3527
-88.5276 15.0312 -26.6222
-80.9905 18.227 -21.3071
-71.7872 18.2587 -15.1358
-60.9903 15.7001 -8.84905
-48.4487 11.7311 -3.08877
-34.391 7.72062 1.60053

16
1533 1548
55.9404 0.374579 5.10614
55.8901 0.495687 5.05648
55.8509 0.688028 4.98216
55.837 0.940686 4.84044
55.8787 1.34586 4.62262
56.0863 2.05487 4.49332
56.5677 2.93406 4.30193
57.4415 3.70691 4.41445
58.772 4.19126 4.8366
60.5486 4.33603 5.40269
62.8514 4.17532 6.03442
65.807 3.76715 6.66129
69.4836 3.2131 7.16132
73.9425 2.69712 7.56486
79.0184 2.28679 7.65013
84.4975 1.99136 7.34494

10
1557 1566
96.1738 0.745961 6.88408
96.2213 0.88024 6.85837
96.3255 1.20045 6.81829
96.5058 2.10145 6.69868
97.1978 3.89685 6.47202
98.5944 6.0862 6.17173
100.548 8.48723 6.16544
103.522 11.1753 6.15114
107.842 13.9646 5.99621
114.041 16.3656 5.06136

18
1589 1606
231.497 1.09254 -40.7139
231.48 1.00455 -40.6995
231.376 0.971749 -40.425
230.833 1.20958 -39.7591
229.836 1.73384 -38.8363
228.103 2.43333 -37.6502
225.416 3.05864 -34.8524
221.92 4.06604 -30.8572
217.686 5.26002 -26.8253
212.663 6.29647 -22.9447
206.74 6.9667 -19.324
199.909 7.09469 -16.2326
192.077 6.62665 -13.732
183.336 5.73794 -11.7944
173.744 4.74953 -10.0067
163.593 3.72865 -7.95089
153.009 2.88093 -5.30473
142.205 2.2796 -1.95084

16
1623 1638
103.408 2.52708 13.3827
103.304 2.78902 13.586
103.137 3.17631 13.6844
102.771 3.85611 13.6968
102.237 4.79862 13.4715
101.437 6.13254 13.1154
99.83 8.01467 12.4305
96.8915 10.6056 11.5192
92.0898 14.1233 10.2469
85.3192 17.1256 8.73117
77.4815 18.3008 7.45168
68.6994 17.493 6.16995
59.0788 15.0816 4.92226
48.5407 11.811 3.79111
37.0361 8.2773 2.47866
24.7792 5.2049 1.32151

11
1639 1649
12.6578 3.14525 0.730132
2.03911 2.32929 0.86927
-5.5526 2.28312 1.57289
-9.93384 1.91853 2.60457
-11.7573 1.07231 3.255
-12.6884 0.351479 3.22084
-13.2659 0.37516 3.30782
-13.5786 0.3004 3.33049
-13.5883 0.126318 3.54177
-13.5586 0.153488 3.49935
-13.5593 0.136678 3.51289

10
1654 1663
-13.4555 0.261427 3.70763
-13.487 0.244515 3.76483
-13.5293 0.284962 3.78909
-13.5345 0.343732 3.83386
-13.5337 0.416191 3.83482
-13.5185 0.531749 3.91029
-13.7987 1.21225 4.18168
-15.0109 3.61787 4.14714
-18.1859 8.30196 4.06633
-22.738 13.8161 3.95537

12
1694 1705
-60.1413 0.281946 -6.30844
-60.1899 0.516467 -6.26232
-60.2108 0.899617 -6.16473
-60.2633 1.49066 -6.03368
-60.5185 2.48012 -5.7357
-61.0566 3.88117 -5.20614
-61.8006 5.45818 -4.43063
-62.9769 6.64395 -3.24967
-65.1633 6.92561 -1.3297
-68.522 6.3553 1.25533
-72.9191 5.36661 4.13305
-78.0283 4.40346 7.05685

17
1715 1731
-99.4146 1.3409 17.4702
-99.4398 1.46287 17.4898
-99.5331 1.6059 17.5142
-99.7334 2.09016 17.5438
-100.238 3.37525 17.4214
-101.441 5.66767 17.152
-103.563 8.18667 16.7779
-106.146 10.8205 15.743
-109.661 13.2614 14.4169
-114.626 15.3452 13.1411
-121.401 16.7595 12.2418
-130.438 17.3982 11.7772
-141.522 16.9087 11.7036
-153.834 15.0201 11.9912
-167.13 11.8944 12.6741
-181.433 8.2572 13.877
-196.805 5.19585 15.2389

14
1745 1758
-344.299 5.47637 -206.085
-343.779 6.54825 -206.179
-342.946 7.85272 -205.987
-341.178 9.89741 -205.74
-337.572 12.8154 -205.566
-331.861 16.074 -205.78
-324.551 18.4381 -205.806
-316.259 19.2597 -204.845
-306.7 18.3982 -202.604
-296.822 16.2856 -198.917
-286.536 13.4739 -194.064
-275.666 10.4299 -188.219
-264.085 7.49841 -181.8
-251.742 5.134 -175.182

17
1768 1784
-202.569 1.26784 -153.933
-202.601 1.37234 -153.999
-202.615 1.59144 -154.009
-202.598 2.05543 -153.902
-202.512 2.82861 -153.654
-202.21 3.89942 -153.326
-201.575 5.30543 -152.995
-200.621 6.91882 -152.517
-199.189 8.91335 -151.602
-196.894 11.4706 -149.909
-193.249 14.3758 -147.638
-187.509 16.8951 -145.57
-179.394 17.9882 -143.65
-169.44 16.9638 -141.866
-158.167 14.2096 -139.837
-145.624 10.6125 -137.348
-132.202 7.22135 -134.448

10
1811 1820
-38.966 0.710303 -91.2076
-38.871 0.356918 -90.8274
-38.7778 0.713008 -90.9125
-38.8363 1.1897 -90.9643
-39.1757 1.89233 -91.2028
-40.0788 2.64522 -91.4641
-42.384 3.44856 -90.9729
-46.3929 4.11056 -89.7661
-51.683 4.75024 -88.0437
-57.5342 5.32169 -86.1981

10
1821 1830
-63.421 5.73536 -84.5025
-68.9197 5.84918 -83.0561
-73.8289 5.65001 -81.8839
-77.9161 5.17921 -81.229
-81.0738 4.49797 -80.9629
-83.4604 3.76019 -80.659
-84.8633 2.69299 -80.2676
-85.3301 1.60791 -79.9489
-85.8314 1.02312 -79.4265
-85.8175 1.01203 -79.2889

17
1845 1861
-86.1524 0.553478 -78.9242
-86.0202 0.601749 -78.9993
-85.8727 0.686814 -79.0595
-85.6917 0.897466 -79.195
-85.4912 1.28564 -79.3217
-85.1683 2.07025 -79.4032
-84.5124 3.5286 -79.2215
-82.9868 6.10407 -78.7141
-79.3424 9.84367 -78.0053
-73.294 14.4032 -77.0327
-64.7205 17.8234 -75.7589
-54.9636 19.2683 -74.2226
-43.8571 18.55 -72.6234
-31.7245 16.2458 -70.6538
-18.651 12.9164 -67.7083
-4.64044 9.20012 -63.4398
10.0683 5.85642 -58.0034

16
1912 1927
178.591 0.965736 45.5256
178.536 0.988054 45.5306
178.419 1.23917 45.5434
178.142 1.9737 45.4856
177.448 3.63303 45.2346
175.709 6.07173 45.0556
172.8 9.22626 45.2391
168.181 12.5336 46.2186
161.928 15.0227 47.5656
154.448 16.4522 49.2605
145.874 16.3935 51.6217
136.422 15.1943 54.3966
126.166 13.1305 57.0738
115.046 10.471 59.3389
103.155 7.65322 60.6387
90.6226 5.18104 61.0771

10
1947 1956
39.2931 0.59547 64.2403
39.1509 0.794011 64.3753
38.9267 1.21879 64.7893
38.282 2.63788 65.4714
36.1268 5.95794 66.0737
31.9022 10.3593 67.2315
26.1365 13.4765 68.9258
18.9638 13.4476 70.8487
10.3165 11.2037 73.0263
0.765184 8.06004 75.0343

15
1999 2013
-63.3658 0.631273 46.7496
-63.4462 0.767103 46.7054
-63.594 1.01238 46.6148
-63.7628 1.41893 46.5668
-63.9603 1.86784 46.5971
-64.2878 2.77708 46.7611
-64.8917 4.06962 46.974
-65.964 5.64652 47.0016
-67.7563 7.64882 46.7486
-70.9637 10.6542 46.134
-76.0585 14.291 44.7014
-83.1236 17.2739 42.6948
-92.1701 17.747 40.3553
-103.185 15.1934 37.898
-116.438 10.8156 35.9344

15
2021 2035
-156.018 1.18033 35.1727
-155.993 1.33031 35.1812
-156.044 1.50031 35.1712
-156.253 2.09214 35.1886
-156.796 3.64205 35.156
-158.021 5.98821 35.1899
-160.107 8.6818 35.4181
-163.461 11.8881 35.3588
-168.57 15.5685 34.6065
-175.95 18.8545 32.9045
-185.3 20.4023 30.6705
-196.303 19.4009 28.3473
-208.675 16.3004 26.1404
-222.432 11.9965 24.0779
-237.439 7.73854 21.8841

11
2134 2144
-83.4494 0.764491 8.33516
-83.1629 1.34056 8.10927
-82.3715 3.02198 7.63346
-80.3154 5.5722 6.48327
-76.5997 8.52224 4.64867
-71.3058 10.7222 3.00476
-64.4775 11.5716 1.22344
-56.6094 11.2743 -0.544343
-47.9875 10.065 -1.91907
-38.6937 8.14688 -2.88136
-28.949 5.97349 -3.35225

18
2197 2214
73.5742 0.923546 6.43928
73.5262 1.0038 6.42733
73.4777 1.09931 6.44225
73.4544 1.21196 6.49938
73.4659 1.33183 6.522
73.4941 1.48253 6.55676
73.4786 1.69786 6.55542
73.5461 1.91583 6.55307
73.6093 2.13838 6.61586
73.7687 2.41286 6.58052
73.9764 2.87666 6.55183
74.3135 3.6586 6.45371
74.9885 4.93043 6.45634
76.2504 6.60671 6.58539
78.5709 8.80171 6.83334
82.8019 11.9944 7.15312
89.2629 15.6824 7.65872
98.374 18.5692 8.0509

13
2221 2233
230.202 2.12957 14.8104
230.218 2.1067 14.7948
230.27 2.18104 14.756
230.411 2.27053 14.7152
230.566 2.40783 14.7285
230.757 2.59521 14.7571
230.991 3.00972 14.7527
231.237 3.3952 14.7514
231.549 3.8129 14.6696
232.202 4.44549 14.2812
233.471 4.87443 13.1657
235.315 4.83141 11.1736
237.936 4.5048 8.77337

16
2260 2275
243.809 2.19658 24.8406
243.792 2.27533 24.8557
243.739 2.46555 24.9922
243.637 2.78276 25.3269
243.448 3.42224 25.7935
242.817 4.89474 26.2978
241.2 7.51953 26.9547
238.126 10.7739 27.6726
233.786 13.9712 28.4606
228.026 15.7712 29.2049
220.963 15.5962 29.5259
212.919 13.9055 29.1566
204.08 11.4342 28.0073
194.8 8.85465 26.0515
185.237 6.45587 23.2166
175.61 4.59146 19.7415

12
2276 2287
166.093 3.5191 16.0293
157.071 3.27653 12.4269
148.954 3.56854 9.19912
142.05 3.93608 6.54655
136.517 4.05756 4.83
132.396 3.67724 4.45643
129.824 2.55696 5.23079
128.462 1.28744 6.23361
127.172 0.871254 6.08447
126.603 0.729169 6.00565
126.258 0.535447 6.32057
126.263 0.477699 6.34351

18
2298 2315
126.33 0.873106 6.6301
126.34 1.04213 6.59664
126.271 1.29211 6.61162
126.155 1.64859 6.68311
125.987 2.1885 6.65092
125.729 2.83486 6.61755
125.356 3.51657 6.61655
124.774 4.39208 6.41814
123.473 6.33649 5.58206
120.577 9.42615 4.01221
116.061 13.1346 1.80353
109.841 16.1546 -0.891303
102.004 17.5938 -3.85854
92.4967 17.1445 -7.08978
81.6058 15.1561 -10.356
69.3939 12.4333 -13.387
56.0064 9.49663 -16.1421
41.6201 6.69824 -18.3931

11
2316 2326
26.616 4.40144 -19.9234
11.8461 3.16189 -20.4999
-1.38439 3.17429 -20.2772
-11.1841 3.79325 -19.6897
-16.732 3.30471 -19.0817
-18.3642 1.48206 -18.9526
-19.7394 0.377406 -19.2272
-20.6589 0.269707 -18.9702
-21.0737 0.0191244 -18.8869
-21.317 -0.242132 -18.6811
-21.2772 -0.244014 -18.6813

10
2366 2375
-71.1933 2.34772 -13.3046
-70.7117 3.54817 -12.2103
-69.9508 5.26576 -10.2226
-68.9474 7.3238 -7.27098
-67.9166 9.15812 -3.23617
-67.4917 9.8877 1.50582
-68.0913 9.17085 6.67402
-69.6214 7.44066 12.6512
-71.6685 5.43077 19.2342
-73.9697 3.68691 26.2763

19
2393 2411
-76.8869 0.997793 53.312
-76.9235 0.994012 53.3169
-76.9641 1.00555 53.3321
-77.0132 1.05208 53.3529
-77.1241 1.09801 53.413
-77.2273 1.26313 53.4319
-77.3616 1.60353 53.5647
-77.6349 2.4588 53.865
-78.3015 3.99048 54.403
-79.7086 6.08959 55.123
-82.2193 8.87511 56.3379
-86.3787 12.4088 58.1393
-92.21 15.804 60.261
-99.1857 17.5532 62.6478
-107.151 17.2956 64.7548
-116.29 15.386 66.9536
-126.763 12.7324 69.0562
-138.17 9.68253 69.9338
-150.472 6.82701 69.9146

13
2426 2438
-193.381 3.26676 64.4455
-193.548 3.70924 64.3975
-193.835 4.48722 64.1296
-194.669 5.93629 63.8821
-196.09 7.6133 63.8215
-198.52 10.1709 63.1223
-202.336 13.5155 61.4052
-207.068 15.9685 59.1888
-212.775 16.0371 55.7961
-218.545 13.6536 50.6786
-223.836 10.2522 43.1282
-227.906 7.01941 33.8117
-229.335 4.7148 23.0196

11
2454 2464
-227.794 4.10221 -25.9775
-226.913 5.53713 -25.6406
-224.353 8.24135 -25.0559
-219.523 11.6108 -24.5059
-212.177 14.5342 -24.2158
-202.334 16.9888 -23.929
-189.994 17.4499 -24.1079
-175.844 15.7273 -23.9619
-159.995 12.3615 -22.6186
-142.428 8.41035 -19.3078
-123.785 5.06504 -14.1481

15
2470 2484
-87.2444 0.706667 -1.11277
-87.2635 0.879051 -1.38292
-87.2807 1.21228 -1.73502
-87.3607 1.42861 -2.18033
-87.1129 2.41514 -2.67455
-85.7781 5.10601 -2.80448
-82.5641 8.96429 -2.42657
-77.0374 13.4105 -1.42211
-69.1755 17.8263 0.667704
-58.2709 21.2861 2.40367
-44.1906 22.4211 2.94167
-27.4563 20.6139 3.59079
-8.65109 16.3957 3.79756
11.8729 11.1949 3.4437
33.6646 6.7147 2.34162

13
2519 2531
215.716 1.81002 23.9792
215.841 2.25075 24.2281
216.437 3.54744 24.5141
217.93 5.85445 24.9004
221.562 9.22511 25.8674
228.265 12.8622 27.3904
237.134 16.2618 28.1064
246.964 18.7416 26.83
257.668 19.3465 23.1484
267.958 17.9595 16.4514
276.884 14.6578 6.95234
284.051 10.6071 -5.23421
288.994 6.5959 -19.2479

16
2540 2555
293.64 1.12762 -58.109
293.535 1.37593 -58.1265
293.04 2.21285 -58.096
292.182 4.31095 -58.5127
291.112 7.1164 -59.8864
289.877 10.2739 -62.0047
288.487 13.4861 -65.1149
286.362 16.4769 -69.5904
282.906 18.7151 -75.3617
277.565 19.8445 -81.5408
270.507 19.687 -87.9273
261.961 18.228 -94.5227
252.013 15.4252 -101.28
240.586 11.7138 -108.109
227.568 7.78366 -114.723
213.099 4.43077 -120.866

14
2564 2577
168.602 0.0173954 -132.142
168.668 0.0890539 -132.08
168.644 0.221577 -131.947
168.478 0.730628 -131.94
167.792 2.5251 -131.937
166.037 5.71681 -131.533
162.466 10.0929 -130.845
155.85 15.0319 -129.829
145.849 18.548 -128.733
132.918 19.1104 -127.254
117.98 17.1933 -125.303
101.344 13.9244 -122.993
83.2122 10.2471 -120.684
63.8254 6.92236 -118.475

10
2594 2603
-75.4162 33.2605 -99.3444
-95.011 35.9374 -99.8609
-113.248 38.0647 -99.9777
-128.59 39.498 -100.172
-140.53 40.4447 -99.8993
-149.538 40.7834 -98.9693
-156.395 40.5327 -97.9585
-161.66 39.9148 -96.7993
-166.012 38.759 -95.3598
-169.915 37.3915 -93.7197

17
2695 2711
-9.93688 0.742864 64.1554
-9.89901 0.965452 64.1816
-9.8345 1.35929 64.2217
-9.58296 2.07658 64.1625
-8.85664 3.6153 64.0677
-7.41752 5.90137 63.8477
-5.19668 8.5356 63.5974
-2.0831 11.1549 63.6769
2.05702 13.5154 64.0112
7.7445 15.1647 64.0528
15.4612 16.6774 63.3906
25.4315 17.9649 61.6026
37.3165 18.1139 58.9756
50.3572 16.686 56.3594
64.3376 13.6586 53.8014
79.5945 9.66445 51.2812
95.8215 6.03888 48.6848

12
2725 2736
146.032 4.95452 34.8221
146.291 5.96485 34.046
147.167 7.34508 33.1716
149.155 9.3315 31.9893
152.691 12.2668 30.0112
157.742 15.8048 26.7815
163.37 17.8876 21.4547
169.015 17.8478 14.9758
174.895 16.111 7.30625
180.837 13.1466 -1.47561
186.656 9.61086 -11.6825
191.842 6.30135 -23.1724

18
2745 2762
200.417 0.613581 -63.5234
200.347 0.704081 -63.4537
200.286 0.917654 -63.4236
200.338 1.32681 -63.5539
200.305 2.18528 -63.78
199.979 3.50742 -64.1889
199.69 5.16515 -64.9711
199.652 7.32677 -66.4001
199.624 10.1415 -68.9774
198.76 13.3998 -73.1318
195.767 16.7834 -78.7865
190.279 18.7079 -85.1911
182.799 18.6908 -91.8507
173.823 17.0106 -98.5096
163.449 14.0494 -105.024
151.48 10.5104 -111.206
138.192 7.09172 -116.986
123.795 4.26964 -122.153

15
2775 2789
77.6223 0.404207 -129.253
77.5099 0.644089 -129.206
77.3595 0.992607 -129.18
77.0556 1.76936 -129.066
76.3887 3.27338 -129.084
74.6571 5.69421 -129.334
71.0723 9.23298 -129.927
65.0878 13.7095 -130.983
56.4597 17.4879 -131.582
45.9411 19.151 -131.471
33.7575 18.5229 -130.697
20.3926 16.1727 -129.143
5.89917 12.9205 -126.671
-9.44432 9.50099 -123.111
-25.2487 6.51143 -118.436

15
2805 2819
-66.8358 0.759686 -95.864
-66.1849 1.3896 -94.5255
-65.8986 2.62727 -92.4896
-67.0187 5.13528 -90.2058
-69.5162 8.44441 -87.4585
-73.8742 11.728 -84.0049
-80.1003 13.8933 -79.8811
-86.4574 15.3981 -75.1408
-92.3195 16.4085 -68.9712
-98.2778 16.7082 -61.2093
-104.407 16.632 -52.0859
-110.958 15.8795 -42.0145
-117.777 14.252 -31.0906
-124.549 12.136 -19.1335
-130.9 10.1117 -6.34915

10
2820 2829
-136.473 8.74106 6.80018
-140.588 7.98346 19.4344
-143.002 7.61238 30.4654
-144.051 7.36255 39.3362
-143.89 6.80866 45.7094
-143.422 5.62187 49.8432
-144.828 4.48045 51.6605
-146.352 2.64347 53.3141
-147.521 0.968589 54.1726
-147.851 0.932114 54.6345

17
2877 2893
-57.0711 0.893744 -12.7104
-56.9856 1.09439 -12.8664
-56.899 1.34754 -13.0628
-56.8324 1.75304 -13.3129
-56.7865 2.27448 -13.6144
-56.5612 3.0515 -13.9696
-55.8841 4.43391 -14.412
-54.2508 6.96808 -15.3294
-51.2025 10.261 -17.1407
-46.8584 13.7958 -19.3342
-41.3913 16.4204 -22.2884
-35.0543 17.5256 -25.1789
-27.5639 16.7533 -27.8336
-18.9693 14.6262 -30.186
-9.35625 11.713 -32.0598
1.21306 8.5537 -32.9706
12.5438 5.52982 -32.7954

18
2911 2928
54.9753 0.108573 -28.1139
55.0315 0.208544 -28.1833
55.0725 0.340228 -28.2185
55.0982 0.585248 -28.2292
55.1064 0.940278 -28.2037
55.1943 1.40745 -28.1059
55.4522 2.25967 -27.8347
56.0629 3.87322 -27.4723
57.5083 6.34375 -26.9491
60.5051 9.47669 -26.2727
65.1044 13.2141 -25.2895
71.6121 16.3866 -24.0047
79.2326 17.9281 -22.018
88.0513 17.3327 -19.2992
97.8617 15.0992 -16.1104
108.587 11.8468 -12.2088
120.042 8.25929 -7.27145
132.02 5.03366 -1.17275

18
2945 2962
174.6 1.35028 24.4896
174.542 1.56937 24.5659
174.52 1.87259 24.6763
174.45 2.26511 24.8612
174.521 2.84677 25.1518
174.642 3.61904 25.5092
174.83 4.7567 26.0859
175.443 6.907 27.3312
176.76 10.3814 30.1987
177.986 14.2531 35.1679
177.687 17.6784 41.9625
175.332 19.9742 48.9916
170.924 20.3998 55.793
165.162 19.1543 62.2902
157.904 16.8298 68.2489
149.015 13.679 73.3427
138.647 10.0526 77.2976
127.443 6.46506 80.6374

16
2973 2988
101.669 1.42847 89.3793
101.61 1.59011 89.4037
101.405 2.07139 89.5187
100.832 3.6249 89.8568
99.4846 5.81 90.4838
97.7694 8.03104 91.3472
95.2623 10.3518 92.368
91.8422 12.8347 92.924
87.0759 15.6651 92.5383
80.4892 18.4083 90.4221
72.2198 20.3496 87.527
62.7752 20.786 84.4484
52.7422 19.5473 81.0506
42.1832 16.4214 77.4896
30.4626 12.086 73.8022
17.4755 7.48005 70.1018

17
2997 3013
-20.46 0.59819 63.5002
-20.4565 0.755032 63.4204
-20.6646 1.23967 63.3041
-21.0285 2.29619 63.0445
-21.6452 3.64778 62.7034
-22.4898 5.01361 62.5542
-23.712 6.36155 62.7774
-25.5685 7.90509 63.4175
-28.4336 9.96124 64.1264
-32.8927 12.6329 64.4294
-39.2134 15.0324 63.896
-47.1861 16.0187 62.6829
-56.3958 15.4712 61.1103
-66.3501 13.6735 58.6243
-76.6544 10.9795 54.5854
-87.2796 7.89655 48.8144
-97.843 5.13126 41.2187

15
3077 3091
-169.127 2.36166 36.7536
-169.206 2.32736 36.8033
-168.958 3.14295 36.8732
-168.017 5.09971 37.2064
-165.599 8.10075 37.3376
-161.793 11.6714 37.382
-156.502 15.0975 37.4409
-149.788 17.5457 37.6978
-142.013 18.6243 37.408
-133.452 18.3347 36.741
-124.225 16.9533 36.2176
-114.371 14.7111 35.8073
-103.693 11.8781 35.7649
-92.2816 8.87434 35.9044
-80.2365 6.07178 35.9817

10
3092 3101
-67.9351 3.91423 35.6844
-55.9871 2.55604 34.6312
-45.4518 2.01415 32.7055
-37.5155 1.4082 30.2648
-33.8995 0.506915 29.7877
-33.6718 0.173044 30.045
-33.5933 0.201123 30.0843
-33.6439 -0.148301 30.2983
-33.6897 -0.0366704 30.347
-33.6598 -0.0533059 30.3374

11
3144 3154
-94.8161 6.84246 0.279237
-110.182 8.35169 -2.12394
-123.716 10.5578 -5.43704
-134.991 12.5084 -9.22905
-144.172 13.3704 -12.7248
-151.424 12.1576 -15.5669
-156.187 8.17557 -17.5441
-158.865 5.04559 -18.5038
-160.283 2.52803 -19.1578
-160.812 1.82975 -19.3072
-160.629 1.87032 -19.2168

11
3185 3195
-112.819 1.1504 5.63339
-112.853 1.23913 5.75756
-112.813 1.32601 5.77312
-112.699 1.49888 5.76689
-112.58 1.78121 5.73761
-112.375 2.24589 5.62796
-112.125 2.77313 5.4093
-111.79 3.53703 5.1575
-110.948 4.68255 4.84509
-109.569 6.24147 4.77053
-107.161 8.86449 4.98779

