80

14
9 22
116.488 0.765177 12.666
116.491 0.77085 12.6646
116.498 0.77345 12.6595
116.505 0.782957 12.6551
116.516 0.804893 12.6369
116.534 0.829049 12.6265
116.552 0.868627 12.5973
116.566 0.952652 12.5645
116.5 1.1553 12.5423
116.226 1.57367 12.6381
115.577 2.28007 12.9769
114.161 3.20544 13.776
111.792 4.00472 15.0238
108.785 4.45686 16.4738

13
23 35
105.882 4.45101 17.9351
103.516 3.97392 19.3146
101.776 3.25795 20.7607
100.898 2.07048 21.6644
100.707 1.0963 22.1506
100.833 0.662053 22.2451
100.708 0.749218 22.2913
100.646 0.793377 22.3512
100.608 0.85115 22.3938
100.604 0.913475 22.4454
100.609 0.964003 22.4966
100.612 0.976078 22.5477
100.642 0.975829 22.577

10
42 51
100.547 0.945626 22.7395
100.559 0.917113 22.7226
100.595 0.905092 22.705
100.659 0.91313 22.6785
100.683 1.00034 22.5826
100.556 1.44295 22.3935
100.11 2.36828 22.1144
98.7111 3.29508 22.1658
96.1832 3.58787 22.5454
92.8157 3.02024 22.8437

15
89 103
119.659 2.61695 27.8856
126.814 3.04033 28.4454
133.327 3.43971 28.9519
139.071 3.73715 29.4594
143.966 3.87649 29.9157
147.998 3.86084 30.1411
151.251 3.75509 30.0007
153.778 3.46144 29.589
155.717 3.05715 29.1108
156.834 2.51575 28.7331
157 1.78959 28.4939
157.101 1.30289 28.47
157.161 0.989979 28.4451
157.204 0.859388 28.4203
157.27 0.842366 28.5079

10
179 188
100.624 0.922024 -3.02292
100.563 1.09613 -2.99358
100.506 1.37467 -3.06127
100.441 1.75986 -3.19049
100.21 2.33036 -3.30839
99.6704 3.182 -3.31937
98.428 4.4209 -2.99745
95.4952 5.59248 -1.8368
90.8159 6.04953 -0.404782
85.6575 5.78495 0.768818

11
198 208
62.8538 0.856161 12.3845
62.8011 0.979075 12.3908
62.6494 1.31825 12.3179
62.5788 1.74844 12.1329
62.4464 2.35451 11.8852
62.0033 3.21857 11.5757
60.4497 4.28963 11.4018
56.7539 5.29226 11.6143
51.0897 5.83605 12.7649
44.2683 5.78363 14.0883
36.9344 5.46517 15.3405

12
209 220
29.514 5.07729 16.5274
22.505 4.62708 17.7783
16.462 3.64647 19.1369
12.2833 2.06039 19.7451
10.8714 0.619019 20.0514
10.8653 -0.413549 20.407
10.5034 -0.665344 20.5127
10.3537 -0.634061 20.5762
10.1827 -0.670311 20.6521
10.1564 -0.590426 20.6617
10.0689 -0.520712 20.6405
10.0276 -0.480475 20.6333

13
237 249
-19.3819 0.107961 16.4489
-19.3999 0.265543 16.5537
-19.466 0.540196 16.5831
-19.8035 1.44808 16.4118
-20.238 3.94684 15.3844
-21.1167 7.50424 13.1364
-22.7088 11.6489 9.95925
-24.57 16.385 6.29706
-28.5401 20.2044 1.21135
-35.5975 21.1581 -6.05032
-45.698 19.0095 -15.498
-58.4114 14.4163 -27.2756
-72.1733 8.90469 -41.6287

10
312 321
-160.202 9.81095 -81.5263
-158.176 15.0095 -70.1846
-156.231 16.4745 -61.5027
-155.572 12.4155 -55.1672
-155.619 8.33844 -50.6055
-155.534 4.46791 -47.2573
-155.729 1.0858 -45.3847
-157.029 1.05273 -45.4009
-157.226 0.842749 -45.4316
-157.438 0.683151 -45.5234

17
349 365
-145.412 2.30642 7.27652
-145.369 2.6537 7.03896
-145.466 3.23687 6.70947
-145.62 4.20938 6.1286
-145.807 5.61435 5.16276
-146.102 7.60787 3.53601
-146.69 10.5833 0.837964
-148.031 14.1103 -3.59438
-150.05 17.0172 -9.51252
-152.156 18.8103 -16.8222
-153.948 19.2217 -25.2579
-156.085 18.3614 -34.6797
-158.42 16.4323 -45.4967
-160.197 13.6991 -57.7684
-160.938 10.5146 -71.3845
-160.374 7.35444 -86.0829
-158.275 4.84323 -101.22

11
366 376
-154.702 3.54502 -115.871
-150.242 3.35149 -128.939
-146.33 3.62685 -139.328
-143.19 2.96528 -146.069
-141.638 1.09756 -149.231
-140.527 0.939982 -150.186
-140.284 1.0867 -150.687
-140.24 0.629568 -150.797
-140.274 0.709206 -150.803
-140.255 0.905307 -150.816
-140.296 0.977428 -150.791

17
421 437
-165.295 0.776364 -168.269
-165.308 0.873535 -168.07
-165.392 1.13927 -167.625
-165.697 1.62074 -166.689
-166.473 2.23127 -165.031
-168.062 3.0107 -162.911
-170.317 4.00641 -160.872
-172.779 5.22617 -159.003
-175.005 6.82223 -157.113
-176.675 8.89859 -155.076
-177.577 11.1383 -152.612
-177.511 12.5156 -149.153
-176.377 12.4957 -144.837
-173.486 11.4137 -139.979
-168.634 9.36552 -134.492
-162.002 6.81455 -128.177
-154.102 4.54067 -120.999

10
479 488
-155.431 4.502 -40.8464
-151.19 4.36821 -36.1152
-147.736 4.23023 -32.0966
-145.459 3.83244 -29.0681
-144.56 2.96074 -26.79
-144.417 2.16159 -25.267
-143.806 2.07464 -24.7176
-143.65 1.9904 -24.31
-143.406 1.82403 -24.2709
-143.137 1.71006 -24.4042

10
510 519
-141.161 1.11836 -24.1033
-141.127 1.13413 -23.9878
-141.12 1.2475 -23.7343
-141.14 1.50782 -23.2965
-141.379 1.78002 -22.3933
-142.228 1.93007 -20.394
-144.371 2.03066 -17.8744
-148.013 2.10397 -14.9578
-152.575 2.16428 -11.8832
-157.497 2.23177 -8.60848

13
520 532
-162.143 2.31075 -5.28641
-166.143 2.35645 -2.26749
-169.285 2.37121 0.36364
-171.403 2.27494 2.59986
-172.253 1.86877 4.15472
-172.141 1.38549 4.60207
-172.352 1.14989 4.18133
-172.353 1.03062 4.01861
-172.339 0.932226 3.89869
-172.297 0.898613 3.91257
-172.29 0.853952 3.91531
-172.297 0.82642 3.88153
-172.304 0.841813 3.85441

14
626 639
-170.652 0.806931 76.8788
-170.582 0.801117 76.8901
-170.376 1.0717 76.9801
-169.623 1.74947 77.7015
-167.909 3.02978 79.6482
-165.434 5.50913 83.574
-161.712 8.56783 88.5874
-156.477 11.2637 93.8174
-149.491 12.8436 98.8227
-141.241 12.6982 102.042
-131.537 11.4737 103.069
-120.073 9.0383 101.607
-107.334 6.13873 97.0769
-93.7323 3.84353 90.7433

10
700 709
62.6457 3.46588 34.5548
73.0155 2.53329 22.6085
77.2831 0.671908 18.8866
78.3359 0.0282355 17.8999
78.439 -0.0261013 17.4959
78.5075 0.056793 17.4025
78.6076 0.132132 17.3878
78.6678 0.148102 17.3412
78.7066 0.200762 17.3279
78.7738 0.22939 17.3416

11
726 736
66.853 4.3122 97.7043
65.4346 5.25229 97.1451
63.061 6.31168 97.1519
59.624 7.29735 97.9241
54.8469 7.66495 98.7066
48.6021 7.27368 98.8388
41.4716 6.57063 97.8192
34.2173 5.81046 95.5136
27.1668 5.06478 92.0669
20.3867 4.5457 87.434
13.6669 4.6078 81.622

16
799 814
16.9408 0.650619 -13.512
16.9802 0.813453 -13.4456
16.9811 1.23917 -13.3941
17.1979 2.2248 -13.1041
17.8393 4.21987 -12.1432
17.8648 7.58485 -10.8889
16.0848 12.0924 -10.318
11.8781 16.3307 -11.3134
6.18853 19.5951 -14.6557
-0.792686 21.6592 -19.4681
-8.93961 22.2844 -25.5755
-18.3408 21.0352 -33.4202
-28.768 18.0117 -43.4845
-39.7854 14.057 -56.3864
-50.4611 10.0521 -72.0822
-59.7047 6.71146 -89.9845

13
867 879
24.632 2.28471 -164.723
25.0353 2.94613 -165.104
25.8913 3.96032 -165.684
27.7705 5.40649 -166.252
31.9958 7.62635 -166.615
38.1657 10.1647 -167.25
46.1568 12.2385 -168.464
55.4621 13.3587 -170.447
65.7385 13.3368 -173.497
76.9069 12.1285 -177.43
88.963 10.1296 -182.172
101.865 7.65348 -187.478
115.579 5.27946 -192.969

15
890 904
-166.229 0.52563 77.3014
-166.245 0.565856 77.3062
-166.247 0.616751 77.3259
-166.25 0.687542 77.3659
-166.244 0.796546 77.4313
-166.235 0.944713 77.4706
-166.22 1.13288 77.52
-166.169 1.44738 77.5503
-166.082 1.98792 77.4245
-165.809 2.7186 77.0042
-165.475 3.59698 75.8992
-164.79 4.44557 74.0425
-163.494 5.00763 71.5754
-161.332 5.10376 68.9582
-158.582 4.86784 66.4301

14
954 967
-158.984 1.90056 32.0813
-158.765 2.06185 31.8589
-158.397 2.77315 31.6726
-157.259 4.5595 31.0401
-154.816 6.81392 28.9378
-150.585 8.74755 26.0197
-145.632 10.4012 24.1691
-139.632 12.3662 24.4396
-131.507 14.6301 25.7136
-120.773 16.4116 26.8839
-109.2 16.0075 27.9485
-97.2974 13.3247 28.5398
-84.3222 9.34128 28.7995
-70.3879 5.78488 28.9804

10
1023 1032
-63.2254 0.672839 3.70433
-63.4412 0.776673 3.74837
-63.6988 0.954401 3.82808
-63.9736 1.2456 3.94029
-63.797 1.97337 4.2421
-63.1693 3.36678 4.93298
-61.7139 4.71263 6.0296
-58.1895 5.25749 7.3472
-51.8241 4.44566 9.65441
-43.4263 3.09952 13.137

11
1040 1050
-17.2275 0.268163 21.6744
-17.132 0.551019 21.6714
-16.6587 1.30425 21.1849
-15.2426 3.54829 20.6381
-11.7619 6.78562 19.469
-6.15145 9.36356 17.621
0.608281 11.0864 16.2125
9.75555 11.036 15.666
22.48 9.40986 15.4247
38.0109 7.01599 15.8297
55.1112 4.62973 17.6481

14
1161 1174
-23.5234 5.22973 11.8158
-34.9458 7.88138 15.9068
-46.3302 9.69088 16.6959
-57.0709 10.2872 14.6986
-66.6994 9.09847 10.5622
-75.01 6.55308 4.97689
-81.0989 4.20996 -0.158437
-84.9521 2.68124 -1.53472
-87.6367 1.09256 -0.384129
-88.0687 1.22879 -1.50024
-88.8412 0.860923 -2.35023
-89.414 0.593057 -2.72676
-89.4523 0.832363 -2.86657
-89.5152 0.875087 -2.92147

12
1207 1218
-112.98 1.71625 -24.4572
-112.981 1.79708 -24.4256
-112.959 2.02348 -24.3913
-112.75 2.77936 -24.3849
-111.963 4.52042 -24.4035
-110.356 7.08199 -24.6748
-107.967 10.2773 -25.5484
-104.211 12.9702 -26.9729
-98.4927 13.8234 -29.065
-90.4357 12.6405 -31.686
-80.1361 10.0016 -34.2733
-67.8735 6.78462 -36.0824

10
1231 1240
-28.3757 0.327279 -30.7759
-28.3444 0.450151 -30.7865
-28.2361 1.04658 -30.698
-27.8401 2.32735 -30.3858
-26.9132 3.88469 -30.2231
-25.1196 4.83871 -31.2949
-22.3387 5.05106 -33.8601
-17.8958 4.71563 -37.6735
-11.8088 4.07955 -42.0108
-4.55055 3.38614 -46.7184

10
1362 1371
37.7279 3.16779 -151.725
42.2216 2.87683 -162.31
46.0662 2.62697 -168.547
48.0912 1.20941 -169.362
49.1005 0.22048 -170.339
49.3921 0.0868847 -171.044
49.2535 0.11353 -171.568
49.3245 0.0380249 -171.629
49.2939 -0.112067 -171.619
49.2783 -0.117946 -171.628

15
1464 1478
-109.368 1.99588 -87.1443
-109.533 2.42212 -86.8746
-109.335 3.68524 -86.4446
-108.759 6.20681 -85.0593
-107.927 9.43501 -82.4682
-106.929 12.4147 -78.7891
-105.808 14.1725 -74.3137
-104.67 14.6049 -68.9135
-103.143 14.1308 -62.8492
-100.468 13.0224 -56.3949
-95.9424 11.4636 -50.0846
-89.2189 9.69774 -44.358
-80.4823 7.96413 -39.4033
-70.334 6.46047 -34.9942
-59.3176 5.36291 -30.8596

11
1479 1489
-48.1006 4.85389 -26.9451
-37.4909 4.99358 -23.3678
-29.0008 5.23067 -20.6465
-24.0097 4.54348 -19.0671
-22.4289 2.37073 -18.2756
-20.8188 0.255841 -17.5809
-19.9947 0.514393 -17.5616
-19.6685 0.576422 -17.6583
-19.3734 0.346242 -17.5608
-19.2648 0.257496 -17.6313
-19.1701 0.265424 -17.6207

14
1548 1561
32.7201 0.0598653 -3.43329
32.9517 0.296378 -3.39159
33.2828 0.88742 -3.34801
33.894 2.1259 -3.44038
34.9297 3.97324 -3.84798
36.697 6.3906 -4.49026
40.2211 9.82407 -5.00701
46.4395 13.7001 -5.91847
54.7864 16.8959 -7.00806
65.2918 18.086 -7.6998
77.396 17.123 -8.31278
90.845 14.4097 -9.71548
105.482 10.7045 -12.3311
121.176 7.03641 -15.8749

17
1603 1619
175.112 0.831896 2.81429
174.99 0.839644 2.704
174.863 0.934082 2.61511
174.723 1.02744 2.49041
174.476 1.30675 2.0321
174.119 1.81325 1.55483
173.563 2.70703 1.04829
172.714 4.16783 0.518055
170.774 6.4787 -0.380031
167.129 10.0081 -0.662739
161.412 14.019 0.142556
154.267 17.2415 2.26594
146.814 19.1116 4.98252
138.603 19.1721 7.89474
130.011 17.5913 11.1452
120.936 14.7521 14.7093
111.31 11.3635 18.1577

14
1620 1633
101.515 8.2448 21.3027
91.8801 5.744 23.9768
82.2413 3.97892 26.0787
72.513 2.89566 27.2376
63.1139 2.39986 27.3901
54.3664 2.4055 26.8444
46.6745 2.63483 25.8761
40.7071 2.82035 24.5199
36.4833 2.66567 22.4648
34.0544 1.89363 19.959
32.3128 0.949648 18.4177
31.4797 0.643219 18.6992
31.0431 0.757772 18.9866
30.9309 0.594596 18.8785

14
1707 1720
-40.0674 0.321335 14.4493
-40.1183 0.560761 14.5046
-40.2652 1.15867 14.6601
-40.7442 2.3495 14.9291
-41.8311 4.23951 15.4315
-43.9486 6.83142 16.3967
-47.5741 10.4113 17.819
-53.5712 14.2492 19.7387
-61.4031 17.1874 22.0296
-71.1327 18.3053 24.3825
-82.5388 17.1927 26.4075
-95.5565 14.4923 28.0061
-110.179 10.8719 29.3776
-125.903 7.55336 29.8818

10
1743 1752
-299.835 5.49366 -221.769
-287.666 4.95102 -219.413
-279.719 4.92495 -215.923
-276.531 3.9456 -212.184
-276.423 2.60891 -209.606
-275.829 2.24456 -208.803
-275.311 1.78186 -209.005
-274.974 1.48898 -209.496
-274.944 1.38345 -209.467
-274.892 1.38735 -209.48

12
1762 1773
-268.287 11.4885 -207.854
-266.76 12.8815 -206.938
-264.571 14.6147 -205.436
-260.921 16.8548 -202.753
-255.18 19.0056 -198.462
-247.596 20.4112 -193.346
-238.647 20.4896 -187.561
-229.072 19.134 -181.4
-218.622 16.5233 -175.503
-206.847 12.8864 -170.072
-193.35 9.0111 -165.16
-178.462 5.76832 -161.121

11
1846 1856
-36.8911 3.98565 -84.6261
-28.8544 4.2174 -83.5355
-22.1717 4.40355 -82.8721
-17.3913 3.97369 -82.6912
-14.9231 2.83523 -82.6882
-14.1463 1.36706 -82.4439
-13.056 0.917702 -82.4139
-12.4097 0.746701 -82.4451
-12.3265 0.674481 -82.4129
-12.3162 0.579747 -82.3779
-12.3213 0.585993 -82.3755

20
1857 1876
-12.3197 0.596698 -82.3273
-12.2852 0.671366 -82.2672
-12.1575 0.812571 -82.1766
-12.0619 1.03468 -82.065
-11.8487 1.51723 -81.8552
-11.5122 2.38959 -81.6402
-11.0421 3.4724 -81.4931
-10.4367 4.64769 -81.3183
-9.50819 6.13851 -80.9076
-7.93979 7.98894 -80.1386
-5.31539 10.5015 -78.9173
-0.483836 14.166 -76.9116
7.05072 17.3733 -73.7746
15.9163 19.2664 -70.6069
25.7608 19.533 -67.0037
36.3459 18.186 -62.7025
47.7516 15.759 -58.4759
60.0851 12.4883 -54.3384
73.3506 8.9059 -50.0543
87.3602 5.51948 -45.3843

10
1891 1900
149.14 2.58543 18.4396
154.616 2.85955 26.1777
159.115 3.55061 33.3322
162.555 4.54254 40.0362
165.049 5.6576 46.0767
166.745 6.86461 51.5823
168.033 7.93813 55.8133
168.738 8.85439 59.2755
168.77 9.3284 61.6092
168.018 9.37575 63.108

14
1909 1922
120.196 5.39308 72.3569
113.465 5.98852 73.6217
107.637 6.36507 74.6512
103.271 6.12702 75.6446
100.86 5.07165 76.2666
100.576 3.19276 76.3815
100.475 1.62777 76.3763
99.1763 1.53507 76.5997
98.4168 1.44541 76.6653
97.7947 1.09824 76.9181
97.291 0.849346 76.7424
96.9515 0.803689 76.7492
96.8506 0.843725 76.7363
96.7977 0.873635 76.7774

15
1929 1943
96.1785 1.33749 76.1592
96.1222 1.50015 75.8241
96.0676 1.75126 75.3446
95.874 2.38377 74.7743
95.2751 3.86497 74.1491
93.5237 6.77537 73.3074
89.9669 10.7954 72.3843
84.7676 14.3971 71.184
78.5768 16.7429 70.4924
71.6655 17.3492 70.4291
63.8964 16.3134 70.8492
55.2855 13.8729 72.0958
45.7927 10.6475 74.6373
35.5367 7.29091 78.2303
24.7737 4.86109 82.5341

11
1944 1954
14.1174 3.50993 87.1412
4.04709 3.59623 91.3508
-4.78679 4.43302 94.4662
-11.4963 4.92783 96.6268
-15.3022 4.12826 97.7835
-16.6437 2.41649 97.8348
-18.4563 1.52799 98.1251
-19.2202 1.22746 98.1533
-19.7858 0.765059 98.5121
-20.3945 0.309227 98.5131
-20.4589 0.327074 98.4344

13
2012 2024
-105.19 0.927768 53.7923
-105.452 1.92916 53.7896
-106.351 4.24885 53.3937
-107.31 7.42514 52.6506
-107.209 12.017 52.5881
-108.284 17.9985 53.7941
-112.422 24.4725 56.2722
-119.75 28.8264 58.5741
-129.042 30.4165 58.8229
-139.106 29.1798 57.5292
-149.783 25.3148 55.7451
-161.379 19.7985 53.5963
-174.327 13.6048 50.7225

16
2067 2082
-157.827 1.02811 -33.5403
-157.823 1.09704 -33.53
-157.797 1.2258 -33.4782
-157.753 1.39032 -33.4057
-157.668 1.67393 -33.277
-157.489 2.29321 -33.1526
-157.04 3.4963 -33.004
-156.093 5.39147 -32.7383
-154.622 7.91693 -32.1321
-152.451 10.3119 -31.631
-149.348 11.8996 -31.0207
-145.186 12.1971 -30.2897
-139.997 11.2886 -29.3757
-133.904 9.54538 -28.292
-127.106 7.33897 -26.7849
-120.114 5.11772 -24.544

11
2111 2121
-98.3035 1.40101 -14.5512
-98.2491 1.55018 -14.6222
-98.0456 1.87504 -14.7823
-97.4104 2.82949 -15.0155
-95.9995 4.4242 -15.647
-93.0366 6.32681 -17.4303
-88.6586 7.93537 -19.7658
-82.6864 8.8631 -21.9461
-75.0277 8.84172 -23.4034
-66.1035 7.81118 -23.9652
-56.4766 6.22442 -23.6914

10
2122 2131
-46.8434 4.70968 -22.8439
-37.6216 3.69766 -21.647
-29.0543 3.34078 -20.308
-21.7771 3.61749 -19.1648
-16.5648 3.90233 -18.4657
-14.0505 3.38573 -18.2789
-14.4352 1.62092 -18.0828
-13.9569 0.617091 -18.324
-13.1936 0.937884 -18.4276
-12.9493 1.10141 -18.4998

17
2188 2204
24.3924 -0.373305 -11.011
24.4622 -0.377623 -10.9888
24.5631 -0.333629 -10.9598
24.6556 -0.270391 -10.9331
24.8151 -0.0808416 -10.8844
25.0165 0.304812 -10.8414
25.349 1.09972 -10.8518
26.2304 2.67068 -10.903
28.4306 5.15906 -10.6047
32.7365 8.31182 -9.40986
38.7853 11.2016 -8.28271
46.5265 13.0704 -7.11918
55.7849 13.3974 -5.95283
66.3068 12.4111 -5.28821
77.973 10.4438 -5.30426
90.7107 8.06206 -5.72107
104.024 6.00939 -6.40134

14
2247 2260
286.186 1.84559 16.0127
286.239 2.04521 16.1402
286.182 2.62933 16.401
286.056 3.86018 16.969
285.376 5.7293 18.0726
283.45 8.01379 19.607
280.244 10.3096 21.0298
275.854 12.4306 22.5059
270.052 13.8362 24.3067
263.376 14.027 26.8855
255.433 12.6647 30.09
246.068 10.3447 33.5223
235.623 7.65636 36.9422
224.421 5.31934 39.8118

20
2278 2297
195.239 2.36783 41.3076
195.258 2.4818 41.1707
195.213 2.64478 41.1487
195.088 2.92196 41.1059
194.888 3.50089 41.0678
194.587 4.3204 40.8272
193.879 5.76124 40.4435
192.243 8.19241 39.7274
188.985 11.5382 38.2999
184.083 15.2109 36.2088
177.92 17.9895 33.6307
171.233 19.5479 31.0207
164.425 19.9776 28.4879
157.303 19.4072 25.5975
149.629 17.8465 22.7963
141.158 15.5205 20.8904
131.825 12.6234 19.6504
121.538 9.58685 18.854
110.423 6.77852 18.3097
98.7466 4.61997 17.6721

13
2298 2310
86.9726 3.49962 16.4843
75.7065 3.47064 14.2985
65.4836 4.18139 11.5694
56.9809 4.89106 8.97787
50.6597 4.92632 6.30341
46.6079 3.98038 3.53798
45.078 2.2382 1.08585
43.8768 0.699091 -0.226599
42.2607 0.542957 -0.223935
41.8054 0.601973 0.231278
41.5163 0.577399 -0.0160568
41.3917 0.543435 -0.18781
41.3929 0.577534 -0.24074

11
2362 2372
-51.9588 4.24515 13.3265
-50.5037 2.26278 17.9732
-49.4108 0.997868 19.8892
-49.1871 0.270508 19.4379
-49.7561 0.261442 19.7876
-49.6332 0.258131 20.0434
-49.4236 0.0719426 20.0651
-49.2793 0.0651935 20.1353
-49.1643 0.111792 20.1738
-49.1456 0.148276 20.1542
-49.1244 0.169741 20.1437

18
2376 2393
-49.094 0.149826 20.3449
-49.0698 0.153372 20.3837
-49.0917 0.235214 20.4384
-49.1689 0.43411 20.4641
-49.2447 0.772792 20.4767
-49.3776 1.27399 20.6419
-49.6021 2.66138 21.1104
-50.2805 5.26233 22.3234
-51.4394 8.57646 24.5613
-52.849 12.0711 27.8961
-54.3919 15.0909 32.2171
-55.9504 17.4797 37.0886
-57.9065 18.7995 42.7125
-60.5701 18.8284 48.93
-64.5332 17.3577 55.7463
-70.1351 14.6861 62.6378
-77.5329 11.298 69.0034
-86.5103 7.859 74.5941

15
2394 2408
-96.4734 5.13482 79.289
-106.861 3.94027 82.9745
-115.973 4.25025 85.2152
-121.884 4.40079 85.5477
-123.258 3.05864 84.6465
-123.226 1.99541 83.9237
-124.386 1.76729 84.0252
-125.003 1.73204 84.1293
-125.454 1.44985 84.3205
-125.513 1.24484 84.4102
-125.532 1.1352 84.5405
-125.522 1.01365 84.6535
-125.492 0.924636 84.7144
-125.446 0.868097 84.7961
-125.412 0.815169 84.8361

17
2409 2425
-125.475 0.816672 84.7956
-125.577 0.917089 84.7524
-125.63 1.12748 84.6694
-125.772 1.4623 84.5331
-125.941 2.07364 84.4094
-126.36 3.15764 84.217
-127.133 4.83092 84.1344
-128.857 7.30071 84.0274
-132.289 10.9446 84.0072
-138.002 15.201 84.1679
-145.827 18.6831 84.3518
-154.838 20.6178 84.4643
-165.297 20.3749 83.726
-176.929 18.1318 82.2576
-189.929 14.751 79.7533
-203.934 10.8083 75.498
-218.411 7.15393 69.4196

20
2434 2453
-252.789 1.54767 40.561
-252.937 1.75163 40.6225
-252.931 1.92203 40.6612
-252.903 2.30693 40.6477
-252.753 2.8843 40.5551
-252.536 3.85598 40.2248
-252.461 5.06506 39.7411
-252.558 6.62987 38.9631
-252.525 8.20355 37.8456
-252.726 10.1596 36.3263
-253.296 12.7194 33.5456
-254.287 16.1502 28.7746
-254.828 19.7776 21.8166
-254.325 22.5628 13.2805
-252.394 23.5974 3.44294
-249.156 22.5521 -7.51503
-243.313 19.6984 -19.4151
-233.662 15.6957 -30.7335
-220.094 10.8171 -39.8967
-203.113 6.18561 -45.4349

16
2460 2475
-161.855 1.37894 -41.8165
-161.773 2.07357 -41.7726
-161.463 3.29678 -41.6424
-160.817 4.7512 -41.669
-159.793 6.36938 -41.9569
-158.423 8.1821 -42.4444
-156.327 10.4243 -42.867
-152.408 13.6306 -42.5102
-145.415 17.0672 -40.7538
-134.674 20.1133 -37.8048
-122.17 21.1345 -33.9144
-109.014 19.6951 -29.7624
-94.6754 16.4377 -25.866
-78.5076 12.5419 -22.3925
-60.333 8.68944 -19.8824
-40.76 5.73869 -18.8332

11
2517 2527
225.477 7.55025 2.00238
236.915 6.59351 0.97675
246.876 6.10988 0.42811
255.133 5.93176 0.071686
261.184 5.60191 0.162459
264.979 4.81336 0.896916
266.307 3.25411 1.81582
267.189 2.30711 2.51987
267.349 2.44444 2.34876
267.608 2.36013 2.34741
267.662 2.37596 2.39252

16
2528 2543
267.657 2.49881 2.19292
267.635 2.57254 2.12883
267.847 2.89367 1.90239
267.718 3.40634 1.73566
267.749 4.23072 1.40266
267.868 5.35549 0.919419
267.789 6.80758 0.0469891
267.986 9.32487 -1.68501
268.283 12.9072 -5.36847
268.906 16.6815 -11.147
269.413 19.3983 -18.17
269.556 20.0271 -26.2372
268.798 18.5955 -35.2115
266.391 15.5516 -45.0716
261.933 11.5341 -55.7176
255.69 7.27917 -67.0331

16
2551 2566
238.979 1.92483 -96.0826
238.862 2.13901 -96.0681
238.685 2.64351 -96.1097
238.047 3.90794 -96.2282
237.016 5.80329 -96.4791
235.585 7.75788 -96.6587
233.943 9.73372 -97.0973
231.701 11.9304 -97.9744
228.193 14.4185 -99.3186
222.771 17.1335 -101.367
214.819 19.6583 -104.157
205.053 20.9818 -107.396
194.253 20.159 -111.124
181.757 17.665 -114.102
167.563 13.961 -115.725
151.833 9.92725 -115.722

14
2574 2587
105.238 0.719651 -109.11
105.097 1.1063 -109.119
104.685 2.52192 -108.798
102.961 5.78936 -108.207
99.6942 9.69891 -107.337
95.4227 13.3646 -106.229
90.1813 16.83 -105.094
83.1676 20.5332 -103.789
72.5257 23.4126 -101.802
57.3284 23.9962 -99.688
38.158 21.9825 -97.3555
16.2327 17.6759 -94.706
-8.34691 12.1646 -91.4727
-35.3328 7.50752 -87.4921

14
2594 2607
-96.0699 1.17084 -81.1377
-96.3559 1.89415 -81.0222
-97.5916 5.59681 -81.0339
-101.312 12.0694 -82.3741
-106.812 18.8642 -84.2957
-113.584 24.6355 -85.8783
-121.815 29.3358 -86.7198
-130.863 32.7441 -86.5886
-140.377 34.6939 -85.6569
-150.493 35.126 -84.0276
-161.082 34.2736 -81.9259
-171.714 32.3653 -79.5718
-181.996 29.5338 -76.49
-191.902 25.7329 -72.9856

17
2615 2631
-212.602 2.01376 -69.0146
-212.718 2.16247 -68.9677
-212.837 2.49278 -68.9603
-213.044 3.30168 -68.7481
-213.561 4.79326 -68.2997
-214.733 7.06278 -67.6127
-217.137 10.0295 -66.8435
-221.119 13.6345 -65.6419
-227.543 17.338 -63.8835
-236.366 20.1272 -61.1242
-247.758 20.9755 -58.4713
-260.877 19.6526 -56.1451
-275.505 16.6275 -53.3432
-291.49 12.6667 -49.8473
-308.648 8.89393 -45.4548
-326.205 6.60502 -40.3169
-268.93 21.8595 92.005

14
2687 2700
-69.616 -0.67963 64.6697
-69.5099 -0.563288 64.6563
-69.3418 -0.3122 64.6083
-69.1898 0.119729 64.5016
-68.6588 1.19892 64.3606
-67.5156 2.9816 63.9724
-64.8925 5.95363 63.3767
-59.2736 9.91724 63.0334
-51.1593 13.3685 61.4042
-40.6629 15.0257 58.9435
-28.1672 14.4036 55.9349
-14.0464 12.1707 52.3145
1.48178 8.80259 47.8416
18.2051 5.54666 42.7315

15
2709 2723
69.3078 0.0875159 34.5241
69.3937 0.198433 34.5623
69.4842 0.375485 34.5867
69.6666 0.775431 34.6943
70.0838 1.68036 34.9582
70.9487 2.94653 35.4726
72.2805 4.75382 35.9873
74.9755 7.65956 36.4287
80.1281 11.4294 36.6129
87.6657 14.4945 36.3662
96.3894 15.7019 35.4546
106.077 15.0409 33.7078
116.334 12.9609 30.6672
126.977 9.91918 25.921
137.78 6.57647 19.4957

13
2738 2750
172.383 4.07183 -4.83492
172.599 4.83836 -5.27425
172.974 6.00587 -6.01229
173.869 8.14171 -7.6435
175.679 11.4814 -11.0868
178.156 15.4281 -16.4319
180.974 17.8838 -23.5827
183.452 18.275 -31.7621
184.995 17.309 -40.5652
184.868 15.2003 -49.9685
182.254 12.2823 -59.5105
177.217 8.84806 -69.0815
170.342 5.50198 -78.6411

18
2758 2775
153.793 0.272399 -97.2482
153.715 0.562867 -97.272
153.592 1.03158 -97.1751
153.33 1.92837 -97.143
152.856 3.06902 -97.2877
152.263 4.181 -97.6937
151.597 5.34376 -98.0861
150.773 6.50449 -98.6487
149.487 8.03866 -99.5986
147.279 9.84105 -101.115
143.207 12.9014 -103.32
136.537 16.4267 -105.926
127.762 18.9383 -108.006
117.72 19.554 -110.605
106.654 18.5878 -113.105
94.529 16.0535 -114.839
81.3005 12.5492 -115.47
66.7971 8.67544 -115.127

17
2785 2801
13.3839 0.428226 -118.608
13.2959 0.715775 -118.454
13.1925 1.27757 -118.29
12.8402 2.44564 -118.004
12.2555 3.8586 -117.68
11.4225 5.4262 -117.241
10.0537 7.64034 -116.722
7.24938 10.8111 -115.499
2.32203 15.4641 -112.643
-5.02278 19.3001 -107.608
-14.2266 21.4822 -101.849
-24.2048 21.7201 -95.6722
-33.9782 19.8039 -88.5081
-43.103 15.9882 -79.0548
-51.5909 11.3451 -66.5669
-59.6317 7.07921 -51.5039
-67.1361 4.03309 -34.5818

11
2802 2812
-73.7393 3.1622 -17.2206
-78.807 4.35815 -2.24973
-80.8921 4.40014 7.47232
-81.4802 1.60812 10.7949
-82.5269 1.05561 12.8635
-83.1379 1.26313 13.7086
-82.8399 0.397504 14.6403
-83.1635 0.235095 15.2246
-83.1584 0.21858 15.4192
-83.1905 0.114287 15.4767
-83.1824 0.0909826 15.5615

14
2865 2878
-86.0697 1.03635 22.9155
-85.7975 1.18209 22.7827
-85.1025 2.37331 22.1844
-84.1013 4.80959 20.767
-82.4495 7.93851 18.1755
-81.041 10.5484 14.2573
-79.3785 12.2772 9.41785
-77.4387 12.8597 3.94332
-75.1523 12.1898 -2.27636
-71.8219 10.3049 -9.37859
-66.9258 7.78143 -16.912
-60.1463 5.15235 -24.1896
-51.5817 2.92514 -30.7339
-41.8268 1.59267 -36.4056

10
2879 2888
-31.8042 1.40016 -41.0849
-22.9037 1.9749 -44.8245
-17.5837 1.97085 -46.4969
-16.4757 0.884073 -46.5085
-15.6058 -0.125502 -46.4782
-15.1291 -0.410016 -46.6617
-14.9609 -0.411229 -47.0668
-14.833 -0.509716 -47.1064
-14.7367 -0.637606 -47.1033
-14.688 -0.598723 -47.1029

19
2894 2912
-14.4412 -0.404148 -46.8156
-14.3907 -0.308023 -46.7811
-14.4247 -0.161833 -46.7314
-14.3316 0.0951912 -46.6616
-14.1223 0.65645 -46.6839
-13.5921 1.83268 -46.7845
-12.3986 4.04434 -46.792
-9.99601 7.15082 -46.5268
-6.09878 10.8777 -45.9083
-0.611457 14.7177 -45.0511
6.49464 17.3514 -44.7192
14.142 18.3017 -44.3814
22.2428 17.9755 -43.544
31.1303 16.6897 -42.3293
40.8526 14.4733 -41.2771
51.443 11.5954 -40.376
62.9491 8.28492 -39.3024
75.2147 5.21122 -37.8515
88.0642 2.93965 -35.9025

11
2913 2923
100.741 2.11986 -33.1768
111.636 2.61982 -29.8917
118.572 2.97526 -26.7311
119.578 1.0903 -24.4219
120.828 0.14173 -23.1325
121.624 0.0869182 -22.703
122.026 0.0897323 -22.7158
122.3 -0.20762 -22.7283
122.387 -0.155484 -22.7183
122.478 -0.084289 -22.6481
122.498 -0.0933583 -22.5785

23
2924 2946
122.526 0.045008 -22.5781
122.571 0.260336 -22.5395
122.708 0.6157 -22.5826
122.888 1.10392 -22.6009
123.078 1.80155 -22.564
123.342 2.5679 -22.4722
123.615 3.31899 -22.3125
123.927 4.10032 -21.9318
124.367 5.07583 -21.496
125.336 6.35657 -20.6959
127.27 8.754 -19.3316
130.956 12.8683 -17.2637
136.37 17.5108 -14.3528
143.508 21.0825 -10.8195
151.224 23.0872 -7.18727
159.073 23.6674 -3.40161
166.542 23.1395 1.25617
173.577 21.7717 7.01664
180.541 19.6051 14.0208
186.888 16.6651 22.6454
190.679 13.2228 33.1954
191.026 9.60036 44.7662
188.343 6.70426 56.9698

20
2957 2976
160.322 0.0737158 88.5306
160.287 0.168826 88.4671
160.156 0.274269 88.3401
160.054 0.449158 88.3621
159.921 0.723439 88.4114
159.85 1.23664 88.4784
159.719 1.95411 88.6217
159.383 2.904 88.6716
158.667 4.215 88.7737
157.445 6.0838 89.2508
155.305 8.80335 90.2136
151.613 12.6304 91.7154
145.706 17.0798 93.8158
137.445 20.6195 96.7587
127.761 22.4841 99.3509
117.489 22.957 100.861
106.661 21.7868 101.25
95.2275 19.0265 101.102
82.8435 14.7506 100.318
69.4572 9.83372 98.8152

16
2985 3000
31.0918 -0.016144 86.1012
30.8896 0.249658 85.9466
30.7342 0.805835 85.8418
30.4064 2.10546 85.6094
29.6935 3.9912 85.1841
28.5081 6.32166 84.6458
26.4429 9.20232 84.0366
22.9203 12.3457 83.5549
17.913 15.4762 83.3141
10.7554 17.9756 82.7875
2.18931 19.4081 81.717
-7.42289 18.9373 80.2354
-18.0424 16.6183 78.7249
-29.7283 12.9688 77.2454
-42.6981 8.79152 75.5437
-56.5666 5.10355 73.2719

19
3009 3027
-94.1669 -0.194557 63.0158
-94.1254 -0.0842268 62.9659
-94.0695 0.12255 62.9197
-94.0552 0.512913 62.9384
-94.2542 1.38397 62.978
-94.7018 2.87721 62.7657
-95.358 4.64525 62.1864
-96.2205 6.48621 61.2675
-97.4092 8.47474 59.9864
-99.2919 10.8195 58.3711
-102.502 13.8751 56.2449
-107.723 17.385 52.7284
-114.603 19.8594 47.7081
-122.31 20.7674 41.8351
-130.13 20.2548 34.9776
-137.068 18.8775 26.8448
-143.161 16.5465 17.8128
-148.365 13.3304 7.72296
-152.81 9.51444 -3.1098

11
3075 3085
-118.444 1.68573 10.8026
-106.918 1.68659 11.0323
-96.8461 1.97599 11.1798
-89.7924 1.82732 11.3995
-86.8369 0.715335 12.0481
-85.8471 0.341153 11.6354
-85.5253 0.35424 11.0453
-84.7877 0.171195 11.1282
-84.5209 0.159644 11.3129
-84.4438 0.193202 11.3732
-84.3911 0.258797 11.3976

11
3146 3156
-97.3437 0.619359 -10.3361
-97.5164 0.724061 -10.4483
-97.7669 0.838207 -10.5407
-98.04 1.00509 -10.7568
-98.5826 1.24042 -11.159
-99.6717 1.47256 -12.0172
-101.832 1.57369 -14.1905
-105.722 2.08057 -16.7841
-111.502 2.72384 -19.8994
-118.654 3.35976 -23.5356
-126.543 3.99392 -27.427

12
3157 3168
-134.676 4.70064 -31.3384
-142.654 5.30495 -34.8245
-150.215 5.53508 -37.643
-156.625 5.03028 -39.7999
-161.776 4.04412 -41.4762
-165.586 2.91165 -42.4663
-166.943 1.13713 -42.9237
-167.353 -0.321516 -42.9688
-167.387 -0.165035 -43.128
-167.399 -0.0751643 -43.3905
-167.381 -0.242597 -43.4362
-167.4 -0.25248 -43.442

15
3175 3189
-167.156 0.341229 -42.7272
-167.087 0.56847 -42.6509
-166.862 1.12236 -42.3136
-166.37 2.11733 -41.8086
-165.372 3.90934 -40.804
-163.474 6.51023 -38.112
-159.752 9.32692 -33.4652
-153.896 12.3358 -27.5247
-146.844 14.8569 -21.8866
-139.046 16.532 -16.8853
-130.55 17.0567 -12.7076
-120.662 16.0295 -9.48172
-109.231 13.4554 -7.56545
-96.1784 9.91498 -6.71076
-81.7054 6.27123 -6.47994

