59

18
11 28
146.448 84.4022 -2.02699
146.474 84.4023 -1.95509
146.498 84.4037 -1.82538
146.51 84.4085 -1.5973
146.5 84.4227 -1.27799
146.434 84.4565 -0.811848
146.344 84.5078 -0.135706
146.142 84.595 0.650507
145.789 84.6592 1.5507
145.288 84.5955 2.5356
144.701 84.2353 3.52575
143.906 83.5033 4.3512
142.925 82.4707 5.08937
141.675 81.2648 5.90522
140.025 79.9429 6.81591
137.91 78.6663 7.72777
135.293 77.2658 8.66158
132.088 76.1352 9.69744

12
29 40
128.661 75.6016 10.5171
125.417 75.7987 11.1117
122.583 76.5195 11.5879
120.089 77.5706 11.8055
118.099 78.7359 11.8233
116.621 79.9407 11.5823
115.622 81.1665 11.2574
114.86 82.3072 10.85
114.439 83.0138 10.38
114.186 83.5632 9.94174
114.036 83.9871 9.59434
113.888 84.2434 9.32934

10
59 68
110.522 82.4913 9.71037
107.872 83.3725 9.84382
105.541 84.0323 9.99244
103.369 84.5741 10.0056
101.689 85.0702 10.0455
100.355 85.4758 10.1733
99.3076 85.7794 10.2906
98.6102 85.9719 10.4277
98.0463 86.0303 10.608
97.6813 85.9632 10.8559

14
83 96
116.553 83.9775 11.284
119.715 84.6633 11.2544
122.197 85.2043 11.1905
124.285 85.6201 11.2886
126.198 85.9429 11.4719
127.887 86.135 11.6253
129.38 86.2307 11.7952
130.715 86.2927 11.8954
131.866 86.2653 11.9953
132.971 86.1812 12.0834
134.02 86.045 12.218
135.002 85.8898 12.3889
135.955 85.756 12.653
136.859 85.5414 12.9541

12
109 120
148.025 86.4979 16.0631
148.534 86.5104 15.5968
149.025 86.4827 14.98
149.639 86.3981 14.3514
150.249 86.2393 13.5005
150.965 85.9597 12.5065
151.801 85.4149 11.4948
152.688 84.5368 10.4189
153.586 83.2546 9.22594
154.418 81.2762 7.85023
155.376 79.1058 6.31228
156.321 76.9722 4.46202

11
160 170
161.166 75.4949 -18.538
160.367 74.6158 -18.6055
159.392 73.3651 -18.4769
158.167 71.7072 -18.2449
156.686 69.7941 -17.9189
154.839 68.2429 -17.4269
152.574 67.1325 -16.8024
149.821 66.6493 -15.9676
146.737 67.1137 -14.8848
143.025 68.3072 -13.7802
138.718 69.8993 -12.8076

13
171 183
134.587 71.7964 -11.9077
130.705 73.8693 -11.2187
127.105 75.9854 -10.9265
124.022 78.0961 -10.8337
121.382 80.092 -10.8819
119.067 81.8393 -11.0892
117.135 82.9998 -11.3665
115.557 84.0008 -11.7575
114.198 84.8312 -12.0205
113.121 85.487 -12.2573
112.121 86.0156 -12.4702
111.33 86.3638 -12.3782
110.651 86.4992 -11.9874

12
358 369
-131.995 68.577 -54.4302
-132.901 68.8216 -57.245
-133.649 69.7573 -60.3247
-134.335 71.1764 -63.6311
-134.723 72.895 -67.2521
-135.067 74.693 -71.0458
-135.311 76.4677 -74.9264
-135.534 78.1202 -79.0197
-135.776 79.3278 -83.2945
-135.959 79.7743 -87.7898
-136.576 79.7636 -92.6188
-137.464 79.2808 -97.6851

21
373 393
-142.713 75.1256 -117.99
-143.764 74.4685 -122.026
-144.507 74.1703 -125.737
-144.789 73.6155 -129.092
-145.173 73.7608 -131.973
-145.537 74.5073 -134.361
-145.709 75.6976 -136.318
-145.707 77.102 -137.915
-145.699 78.6003 -139.306
-145.691 80.1101 -140.573
-145.713 81.4827 -141.823
-145.738 82.3316 -142.995
-145.827 82.8589 -144.08
-146 83.3575 -145.09
-146.292 83.851 -146
-146.745 84.3359 -146.809
-147.074 84.7857 -147.613
-147.54 85.077 -148.373
-147.987 85.1055 -149.065
-148.481 85.0887 -149.61
-149.06 85.041 -150.03

11
493 503
-175.376 70.7436 -12.3718
-172.793 72.2564 -12.0016
-170.585 73.8315 -11.5834
-168.574 75.3605 -11.2491
-166.698 76.7392 -10.9979
-165.051 77.9198 -10.661
-163.548 78.9244 -10.2638
-162.293 79.7268 -9.82175
-161.108 80.2856 -9.26658
-160.051 80.6282 -8.65901
-159.204 80.7131 -7.95081

10
504 513
-158.515 80.564 -7.04073
-158.002 80.1304 -5.94779
-157.628 79.358 -4.66504
-157.313 78.213 -3.21907
-157.128 76.8645 -1.3418
-157.093 75.6577 0.908835
-157.239 74.6874 3.53317
-157.64 74.1972 6.39989
-158.297 74.201 9.3283
-158.982 74.7921 12.1557

12
514 525
-159.742 75.8358 14.8954
-160.431 77.1423 17.234
-160.852 78.4903 19.0701
-161.151 79.7784 20.6543
-161.296 80.979 22.1493
-161.444 81.9777 23.5268
-161.511 82.7441 24.7401
-161.579 83.3105 25.7505
-161.669 83.7461 26.4122
-161.913 84.0435 27.0165
-162.121 84.2322 27.4574
-162.23 84.3272 27.5864

14
550 563
-169.988 83.3643 22.3723
-170.281 83.6209 22.8799
-170.533 83.8065 23.5071
-170.821 83.9356 24.3936
-171.065 83.9434 25.4267
-171.273 83.8474 26.6296
-171.645 83.6247 28.0032
-172.005 83.2836 29.5483
-172.564 82.8142 31.4368
-172.859 82.2828 33.4112
-173.318 81.7829 36.1513
-173.902 81.2922 39.3748
-174.625 80.7895 43.1528
-175.576 80.3582 47.4256

16
578 593
-176.072 71.4179 87.4936
-176.007 71.4779 91.2805
-175.59 72.2155 94.7925
-175.175 73.5792 97.6551
-174.459 75.3405 100.191
-173.403 77.0341 102.018
-172.182 78.5978 103.552
-170.85 79.963 104.881
-169.617 81.0735 106.152
-168.33 81.7293 107.131
-167.181 82.2008 108.089
-166.278 82.5068 108.793
-165.542 82.7791 109.407
-164.877 82.9498 109.658
-164.366 83.0971 109.8
-164.013 83.1832 109.753

11
616 626
-155.486 79.3326 95.1357
-154.129 79.3024 95.1558
-152.676 79.0098 95.374
-151.249 78.4266 95.7783
-149.586 77.5289 96.4834
-147.93 76.3961 97.3861
-146.121 75.0123 98.4509
-144.225 73.3943 100.088
-142.034 71.5995 102.235
-139.505 69.565 104.573
-136.891 67.6184 107.339

15
714 728
75.0842 67.1126 71.7949
75.0981 68.3191 75.709
75.1172 68.3953 79.3112
75.2726 68.169 83.045
75.5081 67.9112 86.5589
75.7131 67.7093 89.4964
76.0032 67.7608 92.0471
76.405 68.3011 94.4187
76.7461 69.4085 96.4062
77.0047 70.8604 97.9782
77.199 72.5038 99.2012
77.2917 74.2937 99.823
77.2165 76.183 100.165
76.8652 77.8858 100.153
76.247 78.9168 99.9625

12
746 757
36.5582 69.7238 70.1535
33.3586 69.3633 66.4296
30.2608 69.2038 62.3438
27.2547 69.217 57.8173
23.871 69.0054 53.0852
20.2444 68.6148 48.0484
16.6994 68.1347 42.3075
12.8899 67.4792 36.4978
9.00377 66.5353 30.2748
5.05074 65.2983 24.111
1.0451 63.7332 17.6406
-3.05135 61.755 10.7429

16
803 818
2.20533 66.1764 -56.3009
0.361267 66.2498 -57.9745
-1.7674 65.6397 -59.7649
-4.13123 64.4373 -61.6854
-6.66382 62.9389 -63.7398
-9.44451 61.5701 -65.8815
-12.1647 60.7598 -68.3925
-14.8115 60.7705 -71.201
-17.8019 61.4713 -74.2853
-20.9359 62.6288 -77.9564
-24.2138 63.8023 -82.0306
-27.5321 64.783 -86.3727
-30.5008 65.6684 -91.0816
-32.9971 66.3758 -96.2736
-35.8557 66.3748 -101.42
-39.1632 65.5444 -106.163

12
819 830
-42.7939 64.184 -110.662
-46.1645 62.1467 -114.821
-48.7337 60.2328 -118.916
-51.1861 58.6041 -122.896
-52.8851 57.6372 -126.215
-53.7388 57.5721 -129.098
-54.1142 58.2252 -131.684
-54.231 59.4947 -133.832
-54.1442 61.1231 -135.505
-54.0542 62.7774 -137.086
-54.0177 64.2633 -138.63
-53.9819 65.2958 -140.303

11
831 841
-53.9417 65.8223 -142.291
-53.641 65.9508 -144.476
-52.9354 65.9839 -146.881
-51.8399 66.137 -149.557
-49.9143 66.2577 -152.36
-47.2676 66.5536 -155.464
-43.7619 67.4591 -158.906
-38.8701 69.1248 -162.256
-33.4612 71.5368 -165.314
-27.9433 75.4637 -168.373
-22.7039 81.6386 -170.846

12
898 909
-177.317 86.1355 100.399
-177.516 86.3178 100.056
-177.696 86.4535 99.5873
-177.847 86.4464 99.0049
-177.868 86.2693 98.2637
-177.906 85.8335 97.3806
-177.892 85.071 96.3016
-177.937 83.9965 95.0973
-177.938 82.6051 93.5007
-177.942 80.9691 91.6457
-177.589 79.0306 89.5388
-177.055 77.1439 87.0808

10
1030 1039
-75.7961 74.1373 0.809821
-74.4977 72.3461 1.5843
-73.1934 69.6539 2.48588
-71.3074 66.4045 3.45331
-69.1152 63.2821 4.51442
-66.1911 60.8482 5.82643
-62.2237 60.0189 7.58728
-56.8437 60.6814 9.54923
-50.3161 62.6382 11.4353
-43.5544 65.545 13.0793

10
1164 1173
-33.8646 67.4055 28.3842
-35.5331 66.2816 29.193
-37.1866 65.0126 29.5877
-39.0004 63.8 29.5112
-41.4995 62.9463 28.9039
-44.6692 62.4568 27.7663
-47.3377 62.4215 26.2857
-50.4543 62.7954 24.2252
-53.2856 63.6458 21.9168
-55.989 64.9315 19.5419

11
1223 1233
-69.2937 68.9488 -20.6931
-65.6245 67.5767 -21.7535
-61.9765 67.1893 -22.4518
-58.6872 67.6684 -22.8351
-56.0156 69.2325 -23.1033
-53.91 71.4197 -23.0657
-52.3654 73.6308 -22.7348
-51.4502 75.5884 -22.3207
-51.0156 77.0753 -21.9402
-50.8587 78.1842 -21.8353
-50.8406 78.7321 -21.978

11
1289 1299
-8.33369 63.6587 -46.5209
-9.35457 60.9095 -42.77
-10.2368 58.99 -39.8752
-10.8561 57.6712 -37.4045
-11.3236 56.9501 -35.4851
-11.5941 56.6278 -33.8927
-11.5907 56.7959 -32.6555
-11.5013 57.4119 -31.4894
-11.5527 58.1434 -30.6078
-11.4915 58.7634 -29.6979
-11.2886 59.1533 -29.2664

12
1392 1403
-154.6 86.1982 -2.432
-154.807 86.1444 -2.60561
-155.015 86.0852 -2.75466
-155.266 85.9955 -2.93969
-155.537 85.8446 -3.08074
-155.864 85.5663 -3.24086
-156.256 85.0836 -3.39578
-156.666 84.3051 -3.5481
-157.127 83.1921 -3.65917
-157.673 81.6816 -3.7626
-158.155 79.6966 -3.76189
-158.57 77.3331 -3.61391

10
1417 1426
-158.804 85.1934 -3.45537
-159.074 85.1606 -4.02684
-159.329 84.8655 -4.65371
-159.574 84.3023 -5.29864
-159.849 83.453 -6.08607
-160.087 82.3288 -7.14273
-160.254 80.9295 -8.46884
-160.408 79.4116 -10.0345
-160.324 77.6331 -11.7198
-160.281 75.9605 -13.7251

10
1451 1460
-130.423 73.1723 -59.7311
-127.394 75.5802 -60.8663
-124.615 77.7674 -61.4599
-122.124 79.4202 -61.6687
-119.877 80.8921 -61.6369
-117.718 82.1032 -61.515
-115.634 82.9208 -61.3966
-113.565 83.4067 -61.1576
-111.547 83.5749 -60.8061
-109.608 83.4949 -60.3433

11
1488 1498
-44.3324 72.978 -18.7112
-42.1168 72.2706 -16.9745
-39.686 71.5721 -15.1283
-36.958 70.8932 -13.4228
-33.4599 70.1076 -11.9797
-29.0225 69.4152 -10.9376
-23.7109 69.011 -10.4257
-17.687 69.2706 -10.2025
-11.7532 71.0253 -10.3165
-6.13468 75.4522 -11.0222
-1.13605 82.4075 -11.7283

14
1539 1552
49.5554 84.0237 -1.03744
49.7703 84.0755 -1.0868
50.2341 83.9777 -1.09894
50.7825 83.5152 -1.04555
51.4761 82.6422 -0.987755
52.4088 81.4487 -1.03843
53.7629 80.1322 -1.25506
55.5338 78.9953 -1.61825
57.8863 78.3778 -2.1155
60.8068 78.4791 -2.61173
64.2907 79.1329 -3.02197
68.2894 79.8812 -3.37528
72.8617 80.329 -3.6322
77.944 80.4184 -3.69692

11
1583 1593
214.621 85.0463 -29.8516
214.155 85.2383 -28.482
213.333 85.2874 -27.0774
212.331 85.3156 -25.6337
211.206 85.3564 -23.9614
209.799 84.8832 -22.2895
207.82 84.217 -20.6731
205.687 83.4459 -18.9442
203.077 82.6811 -17.1711
200.137 82.1245 -15.338
196.834 81.8548 -13.5485

15
1597 1611
185.382 83.2046 -8.34415
182.684 83.7235 -7.6803
179.801 84.1141 -7.21827
176.735 83.9196 -6.74858
173.529 83.3333 -6.18287
170.235 82.7311 -5.42333
166.738 82.2803 -4.66791
162.855 82.0036 -3.90147
158.966 81.834 -3.12161
154.771 81.9114 -2.56065
150.387 82.0082 -1.76464
145.892 82.1357 -0.974847
141.368 82.0765 -0.0656369
136.238 81.7324 1.02197
131.034 80.9374 2.15328

10
1620 1629
96.7704 82.8926 6.96184
93.6798 82.6811 7.34215
90.5236 82.2513 7.73118
87.188 81.5609 8.26193
83.6496 80.8883 8.83222
80.1086 80.6181 9.46094
76.3831 80.6684 10.217
72.5853 80.8218 11.0026
68.6153 80.8345 11.8158
64.3212 80.4017 12.6948

10
1630 1639
60.0423 79.6356 13.7469
56.1495 78.8025 14.3318
52.2966 78.4601 14.9477
48.6984 78.3349 15.4445
45.3984 78.8182 15.7139
42.164 79.7781 15.7615
39.1074 80.9076 15.6705
36.3845 81.8749 15.3819
33.8394 82.6331 15.0999
31.3007 83.06 14.7966

12
1650 1661
8.74426 74.4146 5.75826
7.05383 73.2739 5.40652
5.21381 71.9605 5.30103
2.99189 70.6323 5.51876
0.365989 69.4753 5.99907
-2.52637 68.5333 6.74639
-5.81754 67.9275 7.74812
-9.30877 68.0179 8.88804
-12.9148 69.3136 9.9681
-16.8875 72.6935 11.0643
-20.933 78.1106 11.9971
-24.6384 85.1449 12.6519

19
1694 1712
-56.3458 84.6298 9.26229
-56.4921 84.7034 9.58149
-56.7941 84.8172 10.0772
-57.1838 84.9173 10.6106
-57.7002 85.0227 11.143
-58.3301 85.042 11.6943
-59.1078 84.8756 12.2645
-60.1033 84.5845 12.8689
-61.2798 84.2401 13.4034
-62.5597 83.8335 13.7992
-64.1121 83.2764 14.2465
-65.9336 82.6143 14.7033
-68.0283 81.8878 15.1566
-70.3852 81.1515 15.5046
-73.0519 80.4296 15.7732
-76.1449 79.7527 16.0031
-79.7329 79.1621 16.2021
-83.8231 78.6239 16.3811
-88.4786 78.074 16.3797

16
1836 1851
-75.5081 84.8025 -85.1187
-75.2401 84.677 -84.5228
-74.7476 84.4367 -84.061
-74.1523 84.1878 -83.6597
-73.3849 84.0435 -83.2612
-72.4969 84.009 -82.8992
-71.3199 84.0633 -82.6958
-69.9366 84.0387 -82.4164
-68.165 83.8525 -82.1527
-66.0187 83.452 -81.7077
-63.4515 82.8363 -81.0834
-60.4269 82.0981 -80.456
-57.0182 81.2881 -79.7143
-53.0555 80.4156 -79.0199
-48.7164 79.4791 -78.28
-43.7932 78.6041 -77.7878

11
1883 1893
150.373 81.933 5.71911
153.673 80.5751 9.38827
156.388 79.4728 13.665
158.483 78.9777 17.6655
160.239 79.0428 21.1181
161.543 79.551 24.1094
162.554 80.3796 26.9403
163.639 81.2505 29.3517
164.55 81.7926 31.4546
165.15 82.251 33.462
165.443 82.7288 35.303

16
1902 1917
166.022 86.3803 47.7378
165.423 85.9709 48.3344
164.526 85.5261 48.9077
163.455 84.9386 49.3527
162.306 84.1759 49.6608
160.867 83.278 49.9542
159.263 82.1781 50.3931
157.46 80.8985 50.7548
155.179 79.6663 51.0466
152.465 78.324 51.3992
149.346 77.0974 51.8356
145.748 76.3232 52.4891
141.991 76.0062 53.3044
137.931 76.118 54.6786
133.85 76.5398 56.3456
129.353 77.4441 58.163

11
1933 1943
69.3461 80.6112 67.5932
65.1139 80.1825 67.2015
60.8665 80.3168 67.0674
56.9565 80.8921 66.3583
53.6773 81.7862 66.3847
50.2778 82.675 67.1292
47.037 83.3575 67.5554
44.0591 83.8723 68.0301
41.1935 84.1281 68.4947
38.3672 84.1405 69.0552
36.2179 83.6491 69.5894

11
2003 2013
-91.3087 82.6303 49.3715
-93.1385 83.182 49.3179
-95.5136 83.7154 49.1254
-98.1776 83.9597 48.8094
-101.185 83.6519 48.5384
-104.231 82.663 48.1487
-107.131 81.2576 48.0027
-110.826 80.3308 47.6367
-114.655 80.645 47.384
-118.991 82.4306 46.5635
-123.562 85.0143 45.2425

18
2053 2070
-146.412 85.9797 -17.3298
-146.413 85.9799 -17.3298
-146.419 85.9806 -17.3298
-146.423 85.9823 -17.3298
-146.432 85.9861 -17.3311
-146.451 85.9932 -17.2991
-146.489 86.0047 -17.2573
-146.547 86.0141 -17.1746
-146.614 86.0265 -17.0491
-146.691 86.0367 -16.8836
-146.762 86.0168 -16.6781
-146.824 85.9574 -16.3807
-146.843 85.8667 -15.9829
-146.832 85.7466 -15.4578
-146.787 85.6198 -14.8024
-146.732 85.5238 -14.0127
-146.694 85.4591 -13.1261
-146.723 85.423 -12.1414

12
2144 2155
-24.3329 77.5081 -14.0939
-22.3823 76.7146 -14.0887
-20.2387 75.7276 -14.1526
-17.7347 74.6968 -14.1937
-14.7319 73.5018 -14.2269
-11.1466 72.1947 -14.5214
-7.09338 71.201 -15.0726
-2.78094 71.0623 -15.6001
1.5042 72.4819 -16.2691
5.85711 76.3016 -16.9267
9.94885 82.4078 -17.4395
13.4876 89.8703 -17.5775

14
2182 2195
43.2745 84.0288 -6.9101
43.0098 83.7354 -6.45554
43.0421 83.2843 -6.00304
43.3621 82.9216 -5.54716
43.9105 82.7049 -5.09633
44.6943 82.5955 -4.65531
45.8287 82.5543 -4.27528
47.2709 82.4992 -3.89065
48.9908 82.3951 -3.48412
51.0347 82.1721 -3.05191
53.4736 81.7723 -2.51635
56.4609 81.1784 -1.75997
59.8538 80.3593 -0.959307
63.5815 79.6602 -0.135888

10
2215 2224
210.434 79.6023 12.9019
214.251 79.9315 14.1757
217.72 80.8253 15.0317
221.01 82.0059 15.6569
224.238 83.1822 16.1849
227.289 84.1187 16.7815
230.334 84.7964 17.5026
233.286 85.0897 18.3153
236.071 84.9762 19.1284
238.722 84.533 19.9011

12
2229 2240
252.699 82.7232 20.8242
255.318 82.6381 20.9794
257.576 82.5807 21.1065
259.56 82.5564 21.4616
261.264 82.5739 21.7557
262.557 82.743 21.9784
263.474 83.0247 22.1907
264.155 83.4616 22.4437
264.627 83.9894 22.7495
264.935 84.5708 23.0257
265.067 85.0146 23.2011
265.039 85.2546 23.2556

11
2241 2251
264.884 85.297 23.0398
264.653 85.1502 22.6207
264.305 84.8883 22.1936
263.891 84.4652 21.5239
263.314 83.7758 21.1119
262.346 82.8863 20.7738
260.957 82.1639 20.6578
259.25 81.8281 20.6496
257.035 81.8264 20.7475
254.437 82.0275 20.8107
251.728 82.4873 20.9777

10
2305 2314
83.6153 72.4665 3.8892
79.1741 71.8858 3.26339
74.7334 72.1327 2.61658
70.4596 72.8576 2.04172
66.5043 74.071 1.47826
62.9107 75.6293 1.00464
59.5003 76.8589 0.495087
56.1845 77.8977 -0.0860654
53.0266 78.7329 -0.691957
49.9031 79.3049 -1.32418

10
2571 2580
115.396 76.9976 -110.596
108.078 75.5767 -109.216
100.497 74.7408 -107.769
92.8456 74.9371 -106.484
84.7623 76.3775 -105.389
76.3821 78.4832 -104.538
67.8904 80.9587 -103.961
59.513 83.2777 -103.228
50.686 84.7659 -102.413
41.4696 84.7847 -101.77

13
2682 2694
-46.2945 83.0242 63.1487
-45.4683 82.2556 63.6252
-44.4094 81.3493 63.8429
-43.1122 80.6178 63.7477
-41.4409 80.2711 63.6542
-39.2836 80.1456 63.3999
-36.7944 79.9765 63.041
-33.9684 79.5193 62.5091
-30.6781 78.8121 61.9658
-26.5509 78.0057 61.3656
-21.9049 77.215 60.7934
-17.0516 76.5533 60.0466
-12.0874 75.9125 59.1624

11
2901 2911
30.8823 80.0697 -31.6832
34.988 80.8604 -30.5895
38.7553 81.6826 -29.7185
42.4094 82.5078 -29.0269
45.9186 83.1853 -28.3027
49.3997 83.7077 -27.4884
52.7858 84.0349 -26.5156
56.0075 84.1992 -25.6619
59.1017 84.1954 -24.8122
62.2303 83.9765 -23.937
65.2183 83.6343 -23.0686

11
2952 2962
152.516 79.4614 57.8467
150.86 79.1263 60.9394
149.421 78.9861 63.899
147.742 78.8647 66.566
145.83 79.0148 68.848
143.794 79.4512 70.8403
141.544 80.055 72.6399
139.176 80.7395 74.1197
136.753 81.4433 75.3494
134.352 82.01 76.4024
131.911 82.4088 77.3557

12
3018 3029
-113.146 83.3887 25.1319
-115.925 82.1901 21.7751
-118.385 81.4982 18.3065
-120.362 81.0484 15.4465
-121.964 81.1939 12.8154
-123.434 82.0163 10.3185
-124.825 82.9539 7.86775
-126.205 83.5155 5.55013
-127.559 83.9201 3.30886
-128.898 84.2391 1.09273
-130.028 84.2688 -1.09336
-131.023 83.992 -3.1146

11
3033 3043
-137.205 82.7857 -10.9149
-139.231 82.7253 -12.335
-140.886 82.8596 -13.6586
-142.673 83.1047 -14.76
-144.448 83.6191 -15.5922
-145.682 84.2841 -16.4963
-146.796 84.9625 -17.0116
-147.728 85.5073 -17.4166
-148.439 85.82 -17.9845
-149.02 85.9729 -18.4907
-149.569 86.0519 -18.8424

11
3046 3056
-151.522 85.9432 -18.6478
-152.188 85.8269 -17.884
-153.019 85.6414 -17.0159
-153.749 85.3681 -15.7868
-154.532 85.0026 -14.4187
-155.372 84.5109 -12.9303
-156.428 83.8959 -11.4962
-157.217 83.0509 -9.4934
-157.913 81.9038 -7.16084
-158.74 80.8538 -4.70581
-159.42 79.8693 -1.58655

11
3071 3081
-147.431 82.3227 20.781
-146.135 81.7519 21.0502
-144.819 80.8502 21.2639
-142.965 79.4057 21.1854
-140.973 77.3392 21.2485
-138.537 75.4019 21.171
-135.322 73.7278 21.2448
-131.68 72.663 20.8452
-127.67 72.1347 20.3029
-123.512 72.1576 19.6914
-118.975 72.6526 19.3279

11
3082 3092
-114.686 73.4898 18.7178
-110.678 74.6498 18.1212
-106.725 76.1418 18.1701
-103.271 77.7469 18.0802
-99.8855 79.0976 18.1448
-96.7598 80.1571 18.2603
-93.5525 81.0567 18.6001
-90.3834 81.787 19.0106
-87.4616 82.2043 19.3496
-84.4512 82.3846 19.8513
-81.7128 82.2302 20.5662

16
3151 3166
-127.43 77.0491 -15.4294
-131.457 76.2706 -15.9227
-134.986 76.0887 -16.0953
-137.803 76.7702 -16.4997
-140.264 77.9676 -16.7956
-142.414 79.5104 -17.1295
-144.451 81.0796 -17.8011
-146.338 82.3458 -18.6509
-148.163 83.309 -19.5039
-150.021 83.7166 -20.2634
-151.793 83.7664 -21.0569
-153.277 83.3559 -21.826
-154.284 82.6247 -22.6003
-155.282 81.7397 -23.2014
-156.121 81.3463 -23.653
-155.967 81.3283 -23.9607

13
3167 3179
-155.402 81.4106 -24.2017
-154.439 81.5475 -24.2727
-153.119 81.6806 -24.1816
-151.584 81.6915 -23.8859
-149.941 81.5749 -23.4995
-148.145 81.3765 -23.033
-146.218 81.0941 -22.4039
-144.188 80.7857 -21.4301
-141.899 80.376 -20.3201
-139.18 79.801 -18.7606
-136.009 79.0057 -16.7225
-132.424 78.1898 -14.3935
-128.274 77.3768 -12.5597

