68

14
10 23
98.7526 101.976 8.06285
98.7155 101.875 8.09881
98.6647 101.714 8.15724
98.6034 101.491 8.24227
98.5363 101.217 8.3381
98.5423 100.85 8.4547
98.6354 100.357 8.68415
98.8876 99.7531 8.92266
99.4493 99.022 9.39786
100.322 98.1223 10.1447
101.405 97.0771 11.0245
102.388 95.7973 11.9725
103.235 94.2408 13.0932
103.865 92.4291 14.202

12
61 72
84.7391 90.1742 17.8298
82.1284 90.669 19.1009
79.7573 91.099 20.2962
77.6568 91.4839 21.403
75.8878 91.7287 22.3727
74.5581 91.9342 23.2305
73.7001 92.0709 23.8574
73.3309 92.0631 24.5115
73.3906 91.7875 25.2246
73.5889 91.3099 25.6622
73.7871 90.7634 25.7592
74.0193 90.3368 25.6716

16
76 91
75.1712 89.4883 25.4437
75.0256 89.9495 24.7088
75.3197 90.5145 23.9912
76.0141 91.204 23.6161
76.9473 92.1612 23.4188
78.0396 93.3648 23.3396
79.327 94.6498 23.5277
80.849 95.8402 23.2497
82.6705 96.6265 23.3155
85.0882 96.9079 23.7697
87.9515 96.8566 24.238
91.0139 96.6689 24.5749
94.2924 96.3375 24.8339
97.7402 95.9196 25.0285
101.366 95.4395 25.1024
105.184 94.8664 25.1882

11
103 113
135.34 91.126 38.0258
136.077 91.5231 40.0587
136.186 92.2499 41.9201
135.962 93.0777 43.546
135.682 93.7843 45.1633
135.071 94.3229 46.6925
134.253 94.769 47.9426
133.166 95.3106 48.8011
131.908 95.9607 49.2312
130.867 96.5917 49.287
129.976 97.1584 48.8855

13
159 171
137.579 73.4868 -29.2313
136.828 73.318 -29.0522
135.925 72.9016 -28.2218
134.837 72.2058 -26.7521
133.652 71.3801 -24.6391
132.338 70.5503 -21.9639
130.439 70.0371 -19.8
127.795 70.1582 -17.9042
124.158 70.8404 -16.3604
119.826 72.0655 -15.2115
115.447 73.765 -13.8823
111.144 76.1265 -12.2018
106.535 78.8456 -10.0129

14
172 185
102.051 81.5615 -8.0906
98.0134 84.2723 -6.14133
94.2892 86.8401 -4.49802
90.9036 89.3047 -3.12499
87.9554 91.6636 -2.00555
85.2807 94.1618 -1.96908
83.0385 96.3622 -1.84636
81.0385 98.318 -1.84808
79.2874 99.926 -1.81649
77.812 101.263 -1.78974
76.415 102.231 -1.62449
75.129 102.757 -1.34753
73.953 102.812 -0.85567
72.9416 102.443 -0.411762

11
339 349
-149.438 60.9803 -6.84838
-150.565 63.4786 -4.96239
-152.095 66.669 -4.15989
-153.838 70.2094 -4.36368
-156.102 74.1235 -5.8581
-159.024 77.9328 -8.5718
-162.634 81.7398 -12.587
-166.595 85.5098 -18.0854
-170.164 88.7747 -25.0661
-172.775 91.3271 -33.6073
-173.722 92.997 -43.0352

10
406 415
-154.054 103.299 -192.15
-151.562 103.996 -192.489
-147.997 104.157 -192.151
-143.776 103.647 -190.844
-139.106 102.385 -188.556
-134.864 100.274 -184.989
-131.68 97.1002 -180.326
-129.591 92.8802 -174.687
-129.385 87.6023 -168.644
-131.415 81.3748 -162.359

13
416 428
-134.792 75.2753 -156.537
-138.484 70.4351 -151.932
-141.841 67.3557 -148.562
-145.777 65.997 -146.147
-150.076 66.2915 -144.179
-153.897 67.7783 -142.877
-156.981 70.1756 -142.456
-159.423 73.1472 -142.481
-161.562 76.1447 -142.431
-163.41 78.9637 -142.001
-164.805 81.6071 -141.062
-165.705 83.9171 -139.541
-166.182 85.7353 -137.567

10
451 460
-132.337 75.4017 -89.4521
-132.018 78.6881 -88.686
-131.034 82.4998 -87.0901
-129.491 85.7024 -84.2948
-127.852 88.2114 -80.6778
-126.817 89.7435 -76.1639
-127.198 89.7907 -71.1536
-128.921 88.302 -65.7251
-131.978 85.001 -59.9897
-136.247 79.9959 -54.2198

13
488 500
-200.187 63.1728 -46.2151
-201.3 65.5602 -47.5595
-200.243 67.967 -48.7062
-197.457 70.4387 -50.0681
-193.667 72.846 -51.5863
-189.477 75.2761 -52.8882
-184.855 77.587 -53.94
-179.649 79.6806 -55.0516
-174.045 81.5317 -55.9504
-167.452 83.3081 -56.5219
-160.487 84.7922 -56.8099
-153.069 86.1776 -56.4009
-145.552 87.4275 -55.0595

18
514 531
-143.984 77.3484 -8.38969
-146.94 79.7972 -7.99449
-149.538 82.0879 -7.52028
-151.76 84.0859 -7.05686
-153.415 85.8342 -6.54174
-154.549 87.2494 -6.01486
-155.463 88.4366 -5.52932
-156.211 89.3343 -5.09073
-156.748 89.8415 -4.6457
-157.101 90.086 -4.06297
-157.339 90.1403 -3.59901
-157.397 90.0999 -3.14582
-157.515 89.9387 -2.78198
-157.538 89.8034 -2.37089
-157.432 89.7466 -2.0645
-157.405 89.6739 -1.79422
-157.328 89.6147 -1.57754
-157.348 89.5445 -1.39703

10
532 541
-157.48 89.5093 -1.26682
-157.736 89.432 -1.1743
-158.056 89.3394 -1.01385
-158.481 89.2398 -0.856811
-158.887 89.1131 -0.664296
-159.367 88.9341 -0.4968
-159.782 88.677 -0.348066
-160.151 88.2751 -0.203275
-160.916 87.7257 -0.00908652
-162.036 87.0355 0.294953

10
547 556
-163.185 84.8044 -0.3621
-163.026 84.9991 -0.677722
-162.973 85.2917 -0.932503
-162.851 85.7217 -1.13045
-162.454 86.237 -1.23883
-161.952 87.0255 -1.33261
-161.969 88.0866 -1.11871
-162.433 89.4378 -0.12323
-163.515 90.8282 1.26172
-165.404 91.8032 2.30933

14
581 594
-161.261 75.5928 70.9826
-162.444 77.5971 71.7178
-163.407 79.5594 72.6447
-164.282 81.406 73.6595
-164.544 82.9421 74.5774
-164.525 84.145 75.5841
-164.814 85.0054 76.6191
-164.94 85.6006 77.7846
-164.792 85.9378 78.9156
-164.505 86.0349 79.9633
-164.176 85.9318 80.8264
-163.877 85.742 81.4498
-163.478 85.4923 81.8535
-163.192 85.1313 81.9679

13
658 670
-59.889 89.1019 91.1639
-56.4188 90.0854 89.9614
-52.3127 90.6441 88.3828
-47.8977 90.7054 86.9544
-42.6861 90.2438 85.5558
-36.571 89.2759 84.189
-29.4924 88.2663 82.7949
-21.8189 87.1347 81.453
-13.6544 85.5442 80.5426
-5.0866 83.3518 80.2762
3.63873 80.1126 81.0582
12.5158 75.5214 83.4198
21.5304 70 87.6568

13
789 801
8.22505 59.9249 -6.92887
7.86056 60.2016 -3.91978
5.35169 60.4763 -1.00086
1.44488 60.8741 1.57431
-3.05836 61.1517 3.58363
-8.9767 61.5941 4.66779
-15.9391 62.2447 4.31643
-23.2381 63.8889 1.9721
-30.0082 66.4065 -2.4483
-35.8055 69.0723 -8.85909
-40.4399 71.1496 -16.8074
-43.9702 72.2721 -25.7943
-46.6474 72.8842 -36.0149

12
829 840
-46.2869 64.0004 -168.392
-45.3997 66.2643 -170.349
-43.2755 68.8929 -173.383
-40.1115 71.5178 -177.659
-35.0077 75.6154 -182.541
-28.7781 81.9207 -187.166
-22.6242 89.9839 -190.746
-17.4686 99.8129 -193.327
-13.6438 110.852 -194.303
-11.6213 122.135 -194.281
-10.8013 133.788 -193.806
-11.0352 145.267 -192.65

10
852 861
21.7009 200.639 -190.121
24.2786 196.61 -191.795
26.1024 191.402 -193.486
27.7258 184.98 -195.067
28.6311 177.433 -196.379
29.9734 168.226 -197.433
32.4593 157.693 -198.317
35.3774 147.244 -200.475
38.2828 135.534 -203.835
41.513 122.72 -207.027

10
879 888
86.5734 87.6938 -202.144
87.8951 88.7269 -203.481
90.1169 89.3265 -205.784
93.1108 89.3579 -208.495
97.0018 88.8327 -211.162
101.592 87.6564 -213.835
106.932 85.9545 -216.494
113.448 83.4933 -219.452
122.02 81.0977 -223.523
-169.704 90.3766 75.463

12
1029 1040
-46.6872 78.3184 0.0400546
-45.7593 77.0338 1.04827
-44.6814 75.0771 2.39066
-43.5658 72.7601 3.84138
-42.2712 70.2295 4.18864
-39.8189 67.6992 4.90887
-36.3845 66.1544 6.15498
-31.8962 65.8364 8.17453
-26.6546 66.4282 10.8504
-21.3398 68.217 13.2755
-16.2657 70.7377 15.6257
-10.5907 73.3077 17.3673

15
1070 1084
27.8892 89.1521 61.9156
16.4081 85.4619 55.2757
7.61679 81.5994 48.4348
0.56405 77.195 41.4166
-4.83225 72.1896 34.0147
-8.80867 67.2292 27.5601
-11.6133 62.6434 22.4324
-13.1639 58.3096 18.4012
-14.6879 54.7683 16.0063
-16.5429 52.1106 14.3711
-18.0034 49.7472 14.1536
-19.448 48.0576 15.0771
-20.3383 47.4608 15.4417
-21.1276 47.5125 16.146
-21.7013 48.0194 16.5976

14
1297 1310
-7.79364 66.8856 -37.4726
-7.3978 67.7697 -38.3764
-6.81267 68.6084 -39.8601
-6.12325 69.0267 -42.3696
-5.49391 69.8443 -45.621
-4.70351 71.236 -50.0868
-3.76452 73.2136 -54.8908
-2.436 76.1551 -59.0491
-0.662941 79.246 -63.1313
2.00729 82.9611 -67.0246
5.91222 87.249 -72.3157
10.2295 92.181 -78.9943
14.7788 97.9098 -85.9071
19.143 104.686 -92.8925

11
1326 1336
18.5688 209.498 -112.259
18.6383 206.529 -114.806
18.2128 202.903 -117.342
17.6307 198.015 -119.978
17.1491 191.61 -122.265
16.7155 183.684 -124.081
15.9044 174.837 -125.577
14.6472 164.013 -127.225
13.2643 152.61 -129.561
12.0134 141.767 -131.774
11.3257 130.049 -134.331

11
1337 1347
10.8652 117.818 -136.122
10.972 106.902 -135.362
11.6984 98.2331 -132.315
12.7582 92.0756 -127.841
14.0004 87.7615 -122.9
14.9591 84.7783 -118.678
16.0764 82.6522 -114.731
17.178 81.1859 -111.214
18.0424 80.2024 -108.336
18.2331 79.9325 -105.741
17.5364 80.9183 -104.706

14
1389 1402
-128.041 111.99 12.6305
-127.972 111.661 12.6451
-128.088 111.215 12.5218
-128.179 110.707 12.4541
-128.176 110.14 12.4451
-128.474 109.29 12.127
-128.827 108.173 11.4337
-129.115 106.659 10.4076
-129.353 104.526 8.97288
-129.736 101.846 7.11384
-130.371 98.7691 4.84132
-131.244 95.4696 2.28813
-132.234 92.1824 -0.370479
-133.621 88.7828 -3.75812

15
1403 1417
-135.705 85.8201 -7.41403
-137.813 83.7148 -10.7369
-139.362 82.4801 -13.6825
-140.487 82.0696 -16.2872
-141.52 82.3082 -18.6844
-142.619 83.1076 -20.8327
-143.657 84.364 -22.7242
-144.544 85.9184 -24.3597
-145.103 87.6663 -25.7401
-145.505 89.3102 -26.9774
-146.123 90.7853 -28.0209
-146.517 91.9652 -28.842
-146.944 92.8192 -29.4476
-147.565 93.2785 -30.0546
-148.225 93.3469 -30.6086

13
1486 1498
-19.1586 95.8949 -31.722
-14.5819 94.855 -30.8248
-9.17211 94.2412 -29.9316
-3.32277 94.2814 -29.4374
2.69606 95.4545 -29.2945
8.58577 98.3951 -29.4559
13.9377 102.806 -29.6663
17.5877 108.986 -29.6849
19.3871 116.692 -29.6184
19.7863 125.358 -30.4188
18.9543 135.218 -31.5561
16.9692 146.142 -31.7084
15.1284 158.227 -30.9416

10
1507 1516
25.9973 211.464 -23.9911
30.63 212.289 -24.5998
35.5185 211.008 -24.5073
39.4043 207.89 -25.5224
43.1697 203.102 -25.8217
46.8338 197.221 -25.4211
49.5979 190.501 -26.0381
51.5315 183.244 -27.0799
52.841 175.35 -27.9738
54.5122 165.825 -28.3325

10
1538 1547
19.1318 88.4902 -13.6198
20.2856 88.3282 -14.6414
22.2405 88.015 -15.9524
24.6733 87.4289 -17.535
27.4844 86.5233 -19.2697
30.7536 85.368 -21.6741
34.4155 84.0495 -24.1907
38.4675 82.7664 -26.7259
42.8974 81.7374 -29.067
47.6757 81.234 -31.1545

10
1557 1566
92.2585 82.8845 -35.7063
95.8118 84.0434 -35.2894
99.2459 86.0203 -34.8113
102.56 88.382 -34.4793
106.084 90.5926 -34.6362
109.733 92.3826 -35.3788
113.617 93.3087 -36.9109
117.586 93.2407 -38.8163
121.533 92.1087 -40.5939
125.512 90.1722 -42.7904

12
1650 1661
-29.2682 98.6159 21.8189
-33.1595 99.7704 22.4858
-37.1083 102.647 23.2789
-40.2637 107.085 24.1939
-42.3284 113.086 24.7317
-42.8918 119.916 24.911
-41.9261 127.054 24.8331
-39.8322 134.266 24.7222
-37.2173 141.331 24.576
-34.902 148.473 23.9423
-33.1671 156.408 23.381
-32.4967 164.99 22.5659

13
1716 1728
-99.0586 83.0591 49.1721
-102.346 84.8166 48.3475
-105.809 87.1884 47.2669
-109.748 89.8154 46.1246
-113.941 92.1773 45.0458
-118.782 93.9532 44.8607
-124.438 94.6674 45.7208
-130.978 93.9512 46.9776
-138.611 91.9567 48.6662
-147.153 89.1605 50.4016
-156.756 86.2644 51.8505
-168.114 84.6958 53.1285
-180.474 84.8795 53.2107

12
1743 1754
-339.404 96.5902 -227.419
-336.614 97.6932 -230.58
-332.365 97.7498 -231.359
-327.198 96.8336 -229.544
-321.471 95.1859 -226.278
-315.149 93.2229 -225.247
-308.191 90.8408 -224.72
-301.881 88.2682 -223.581
-294.314 85.7065 -223.221
-286.057 84.1104 -223.462
-276.641 83.571 -223.256
-266.357 84.3991 -222.452

11
1787 1797
-77.302 115.686 -151.631
-74.9426 125.789 -150.443
-75.026 135.438 -149.448
-76.8705 144.754 -148.925
-79.3617 153.708 -148.452
-81.3882 162.494 -147.294
-82.6917 171.204 -146.091
-82.7236 179.225 -145.02
-82.5619 186.074 -143.972
-82.2363 191.156 -142.75
-80.9269 195.175 -141.32

12
1846 1857
-59.6773 86.4168 -107.088
-57.5431 85.9518 -106.846
-54.5727 85.5353 -106.472
-50.9858 84.9804 -105.906
-46.5697 84.2144 -105.3
-41.6065 83.2729 -104.452
-36.0829 82.2359 -103.345
-30.3934 81.2759 -102.019
-23.9193 80.3252 -100.754
-16.5299 79.7704 -99.2288
-8.77865 80.0668 -97.4618
-1.05286 81.1252 -95.5492

14
1858 1871
6.57391 82.9031 -93.4818
13.8898 85.1181 -91.4922
20.9823 87.5575 -89.6163
27.8239 89.8886 -87.5433
34.3671 91.9565 -85.3117
40.6178 93.5351 -82.9274
46.2211 94.6202 -80.8333
51.0981 95.1008 -78.9963
55.6744 95.1398 -77.6251
59.6519 94.545 -76.8728
62.3932 93.3819 -76.3437
64.1699 92.0605 -75.7632
65.1025 90.8464 -75.1532
65.1607 90.0472 -74.1982

11
1891 1901
152.482 86.6634 21.9201
150.603 87.8019 26.7008
148.551 89.2355 30.5905
146.444 90.8197 33.9879
144.515 92.4379 36.9684
143.164 93.9071 39.6118
142.289 95.1554 41.5419
141.908 96.1466 43.2784
141.842 97.0906 44.534
142.162 97.7627 45.6594
142.569 98.1505 46.5963

10
2013 2022
-132.487 90.4183 75.1492
-141.587 94.0681 73.4469
-149.794 96.6349 71.1924
-156.982 97.4768 69.3719
-162.824 96.6445 67.6621
-168.249 94.7696 65.8623
-172.753 92.2784 64.5019
-176.158 90.21 64.2148
-178.904 89.0612 63.6579
-181.142 89.1397 63.0048

21
2057 2077
-146.923 89.2729 -42.6844
-146.924 89.3326 -42.6663
-146.906 89.4484 -42.6879
-146.836 89.5908 -42.6893
-146.728 89.7649 -42.6958
-146.599 89.9684 -42.7219
-146.371 90.1737 -42.7435
-146.039 90.3387 -42.7637
-145.612 90.5013 -42.7518
-145.026 90.6388 -42.6742
-144.287 90.7718 -42.4931
-143.391 90.929 -42.2243
-142.254 91.1119 -41.8279
-141.05 91.2377 -41.2428
-139.398 91.3089 -40.5563
-137.732 91.3779 -39.5498
-136.139 91.3817 -38.2213
-134.317 91.3063 -36.7721
-132.488 91.095 -35.2608
-130.641 90.7962 -33.6556
-128.632 90.4829 -31.9315

10
2205 2214
86.9536 86.9384 -21.5076
89.2433 86.4898 -21.8133
91.9074 85.9714 -22.1757
94.7991 85.4739 -22.0493
98.1816 84.9937 -21.5284
102.494 84.5315 -20.8462
107.585 84.0062 -20.2735
113.198 83.4195 -19.8938
119.524 82.4901 -19.6852
126.62 81.3991 -19.5504

11
2296 2306
107.08 93.8981 32.3786
104.559 93.3948 31.6996
102.11 92.565 31.0749
99.2174 91.4546 30.3184
96.1813 89.9609 29.3806
92.6674 88.2783 28.3435
89.1131 86.2901 26.9267
86.0815 84.0217 24.8648
82.298 82.1975 22.4645
77.5025 80.8461 19.8482
71.7993 80.1207 17.5227

12
2322 2333
-7.33249 89.7386 3.0685
-10.9118 88.6008 3.29345
-15.8987 88.0962 3.96152
-21.7596 88.9679 4.48312
-28.1156 91.7987 5.80486
-34.0342 96.6545 7.7289
-38.1104 103.601 9.58951
-40.0639 111.571 10.9226
-40.2098 120.399 11.5416
-39.4438 129.614 12.2667
-38.5403 139.387 12.7731
-37.5581 149.4 12.4566

11
2341 2351
-40.7288 204.482 9.56983
-43.9085 207.244 10.5928
-47.9088 208.933 12.1809
-52.6188 208.945 14.179
-56.7484 206.832 16.0438
-59.94 202.726 17.5433
-62.5089 197.747 18.2065
-64.3228 192.239 19.0175
-65.6647 185.907 19.6119
-66.6999 178.409 20.2096
-68.1682 169.458 20.7872

15
2379 2393
-53.1903 86.352 58.9654
-56.8948 86.7046 62.1744
-60.4902 87.1125 65.3006
-63.8473 87.9337 67.9771
-67.0095 88.9924 70.0152
-70.1317 90.052 71.6908
-73.0236 91 73.1845
-75.6583 91.7682 74.5797
-78.2037 92.28 75.9354
-80.38 92.4341 77.1558
-82.3435 92.3108 78.2078
-84.2513 92.1111 79.1652
-85.8702 91.8172 80.0316
-87.1525 91.4209 80.8295
-88.2131 90.9258 81.7016

14
2398 2411
-93.8766 87.0842 86.9871
-95.5957 86.3264 87.5418
-97.6599 85.7128 88.0937
-100.128 85.2092 88.8349
-103.438 84.6791 89.7748
-107.616 84.036 90.7722
-112.153 83.1898 91.7984
-116.924 82.1629 92.8061
-122.174 81.2684 93.681
-127.974 80.8054 94.1627
-134.326 80.878 94.2871
-141.093 81.6183 93.9597
-147.927 82.6736 92.9242
-155.089 83.9361 91.4419

13
2498 2510
134.941 205.604 -29.3679
142.043 204.492 -30.3664
149.226 202.7 -31.3717
156.088 199.431 -32.7082
162.326 195.071 -34.9521
167.676 190.068 -37.7269
172.551 184.5 -40.6024
176.933 178.202 -43.7213
181.227 170.682 -46.2999
184.875 161.305 -48.0009
189.304 149.947 -47.4289
192.584 135.934 -45.1431
193.028 121.046 -43.1904

12
2528 2539
228.39 74.635 -22.4029
231.589 76.9287 -29.1924
234.344 79.9903 -35.1276
236.486 83.4899 -41.0793
238.065 86.1889 -46.3989
239.143 87.7557 -50.8058
239.597 88.0318 -54.4772
239.8 87.1162 -57.2548
240.02 85.1502 -59.0997
240.045 82.4322 -60.0557
239.876 79.9901 -60.5411
239.142 79.4358 -60.6669

10
2546 2555
197.345 104.873 -67.1167
189.934 108.802 -67.152
183.266 111.866 -66.7151
177.478 114.162 -66.4539
171.951 115.801 -65.9199
167.241 116.702 -65.0464
163.18 117.045 -63.4952
159.247 116.967 -61.2447
155.792 116.151 -59.8733
152.95 115.064 -60.1122

13
2566 2578
125.437 74.5974 -80.1776
123.661 76.5813 -81.2444
121.131 78.7251 -82.3247
117.914 80.2988 -82.6029
113.788 81.133 -82.4238
108.543 80.9335 -81.6197
102.302 80.5588 -80.2472
94.884 80.7233 -78.8009
87.058 81.8505 -77.3916
78.7749 84.3771 -76.4276
69.4253 87.6171 -76.0979
59.8209 91.1851 -76.664
49.5433 94.3269 -78.0451

14
2603 2616
-138.436 193.425 -26.71
-135.515 189.936 -23.369
-131.938 184.619 -21.9053
-128.35 177.751 -22.9813
-126.061 169.894 -26.2419
-125.713 161.047 -30.5979
-127.654 151.896 -34.4988
-130.553 141.601 -39.3856
-134.117 130.341 -43.605
-140.707 117.518 -45.6478
-149.691 105.311 -45.3627
-160.624 94.4952 -45.0193
-174.613 85.7501 -44.1871
-190.913 80.0298 -43.8525

12
2617 2628
-207.764 78.0211 -44.1598
-223.339 79.5252 -42.6437
-237.489 82.6244 -40.006
-250.4 86.5281 -36.957
-262.4 91.2026 -33.7425
-272.785 95.9696 -30.6666
-281.438 99.978 -27.798
-287.937 102.888 -25.1536
-292.851 104.77 -22.4005
-296.623 105.652 -20.5739
-299.7 105.898 -19.5806
-302.601 106.075 -18.8554

18
2695 2712
-22.003 80.0965 35.2659
-19.4912 81.2102 34.8343
-16.4689 83.1051 34.7612
-12.8736 85.4333 34.8826
-8.65639 88.0149 34.6287
-3.81219 90.4375 33.6719
1.14791 92.2379 32.0661
6.2716 93.0426 29.9474
11.7409 92.4722 28.3854
17.2059 90.7356 27.824
22.5218 88.1128 27.2527
28.1314 85.1785 26.9033
34.5835 82.6129 24.7806
42.1292 81.4288 21.7042
50.3222 81.4319 18.2372
58.7006 82.3529 14.4682
67.4185 83.8328 10.1819
76.3126 85.5282 5.66796

12
2713 2724
85.5059 87.2965 1.56279
94.2513 89.0984 -2.17329
102.079 90.6989 -5.61062
108.947 91.8977 -8.12768
114.084 92.615 -9.96602
118.014 92.9405 -11.3084
121.454 93.1378 -11.9266
123.848 93.2029 -11.7539
125.248 93.4535 -11.1835
126.091 93.7727 -10.3741
126.782 94.1294 -9.87859
127.231 94.2131 -9.66406

10
2735 2744
142.496 84.7205 -34.9544
144.258 85.6036 -38.3923
145.996 86.0243 -41.8432
147.656 85.7935 -45.0081
148.943 84.7739 -47.6896
149.836 82.931 -49.7707
150.553 80.4896 -51.4536
151.043 77.8152 -52.0515
151.675 75.3428 -52.434
152.001 73.5778 -52.5858

13
2753 2765
146.912 84.2801 -58.5701
143.943 83.98 -58.8374
141.106 83.4339 -58.8407
137.447 83.5261 -58.6558
133.686 84.7611 -58.1929
130.815 87.8674 -57.2831
128.148 91.5251 -57.8256
125.19 95.4577 -58.7987
121.643 99.3644 -60.6164
116.83 102.932 -62.5429
111.056 105.97 -63.8415
105.124 108.418 -64.7803
98.4112 110.232 -65.6531

11
2814 2824
-65.7983 57.4671 -21.4171
-65.7731 59.8821 -21.4683
-64.7966 63.0187 -21.6646
-64.9015 66.3319 -21.6476
-66.2038 69.665 -21.4251
-68.5181 72.8255 -20.9386
-71.8947 75.1002 -20.024
-76.8235 76.7493 -19.0821
-82.2453 77.4565 -17.0997
-87.976 77.2277 -13.4239
-94.4069 76.2255 -8.22804

10
2867 2876
-65.7977 88.1046 -33.7191
-69.4497 85.0181 -30.7104
-72.8059 83.8252 -27.2578
-75.3648 84.4868 -23.898
-77.4309 86.3481 -21.1268
-79.22 88.9731 -19.3005
-80.7925 91.8621 -19.1895
-81.8149 94.7149 -19.1407
-82.071 97.2522 -19.3375
-81.6872 99.2567 -20.2822

10
2877 2886
-80.4616 100.558 -21.9825
-78.5709 101.032 -24.3775
-75.9164 100.507 -27.2447
-72.6306 99.0597 -30.4997
-68.697 96.7629 -33.8973
-63.6952 93.6694 -36.9961
-58.2782 90.508 -40.0293
-52.3779 87.5038 -43.246
-45.9352 84.8842 -46.863
-38.7168 82.8266 -51.2335

14
2887 2900
-30.9365 81.8742 -55.2904
-23.2682 82.0395 -58.5899
-15.6359 83.0433 -61.32
-8.29455 84.4522 -63.1848
-1.37927 85.8785 -64.4794
5.41113 87.1967 -65.2072
11.9272 88.2918 -65.3495
18.135 89.0833 -64.9242
24.0867 89.5542 -64.0084
29.6842 89.7499 -62.8274
34.4654 89.59 -61.4434
38.4321 89.3583 -60.283
41.6983 89.0321 -59.3107
44.2123 88.6484 -57.9249

12
2974 2985
75.526 83.1228 110.853
74.8304 86.0955 111.355
73.8963 89.1026 111.523
71.2707 91.9413 111.932
67.3095 93.8257 112.21
62.5773 94.4141 112.612
56.9303 93.5403 113.198
50.8975 91.4702 113.307
44.7562 88.5109 113.293
37.8143 85.5484 113.094
28.2719 83.8487 111.996
18.4879 83.8758 109.823

12
2986 2997
8.93243 85.4754 106.905
0.20169 88.0195 103.557
-7.57212 90.9818 100.071
-14.0061 93.6072 96.8873
-20.2465 95.8559 93.4547
-25.8993 97.1798 90.6099
-30.7761 96.9829 88.6784
-35.2015 95.609 87.3658
-38.8246 93.4283 87.0584
-41.7251 91.0552 87.4694
-43.5316 89.1529 88.2751
-44.9602 88.5018 88.7771

12
2998 3009
-45.8437 89.057 88.9802
-46.6067 90.6353 88.9213
-48.4423 92.7734 88.3674
-51.0374 94.8052 87.6097
-54.5927 96.094 86.7513
-58.9942 96.1713 85.6366
-64.3528 95.0781 84.1364
-70.7225 92.9101 82.4272
-77.1503 89.8194 80.2663
-84.2064 86.4077 77.616
-92.8704 83.838 74.258
-102.029 83.1222 69.8609

11
3010 3020
-110.565 84.2057 64.6421
-118.227 86.5549 58.7898
-125.263 89.6898 52.6932
-131.585 93.0234 46.5771
-136.786 96.1129 40.317
-140.851 98.3137 34.3631
-144.138 99.883 28.6307
-146.512 100.478 23.1889
-148.65 100.328 18.455
-150.381 99.2576 14.3674
-151.568 97.546 10.7769

10
3043 3052
-123.741 104.804 -65.373
-123.39 106.797 -64.3275
-122.904 108.728 -62.6508
-122.422 110.307 -60.4492
-121.702 111.393 -57.5765
-120.67 111.774 -53.8853
-119.762 111.208 -49.6167
-119.106 109.427 -44.5986
-118.934 105.764 -39.0061
-119.568 100.394 -33.2006

10
3053 3062
-121.097 94.4762 -27.6868
-122.471 89.8182 -21.999
-123.518 86.8539 -16.9422
-124.815 84.7106 -12.7431
-127.341 83.0708 -9.44213
-130.228 82.1509 -7.23195
-132.724 81.6409 -5.33706
-134.303 81.506 -3.48112
-135.896 82.0894 -1.91684
-136.198 82.9219 -0.210394

14
3105 3118
-39.9511 82.3744 -0.802932
-40.8393 83.1757 -1.14554
-41.8576 84.4624 -1.25689
-42.6476 86.3499 -1.35848
-42.9777 88.7564 -2.24309
-42.4455 91.9589 -3.75031
-41.0254 96.0151 -6.03189
-39.9409 101.13 -8.00874
-39.6134 107.479 -10.2193
-40.5023 114.721 -11.5276
-43.0396 122.09 -11.539
-47.1336 128.947 -11.0853
-52.0099 135.326 -9.64695
-57.3448 141.865 -8.39369

10
3145 3154
-120.058 89.423 -62.4916
-133.19 84.3782 -59.8427
-143.986 81.6145 -54.7122
-152.662 80.9115 -49.7477
-159.342 81.3618 -45.2939
-163.905 81.2011 -40.3754
-168.212 80.4931 -36.0492
-170.528 79.6187 -32.2564
-170.736 78.8929 -29.2853
-169.904 79.0452 -27.4144

