55
1
8253 8266

1
8267 8281

1
8282 8291

1
8292 8301

1
8302 8314

1
8315 8324

1
8325 8334

1
8335 8346

1
8347 8356

1
8357 8368

1
8369 8379

1
8380 8397

1
8398 8411

1
8412 8421

1
8422 8434

1
8435 8445

1
7727 7740

1
7741 7752

1
7753 7764

1
7765 7774

1
7775 7790

1
7791 7806

1
7807 7821

1
7822 7833

1
7834 7843

1
7844 7856

1
7857 7872

1
7873 7882

1
7883 7893

1
7894 7904

1
7905 7921

1
7922 7936

1
7937 7954

1
7955 7968

1
7969 7980

1
7981 7990

1
7991 8002

1
8003 8020

1
8021 8037

1
8038 8052

1
8053 8062

1
8063 8072

1
8073 8087

1
8088 8104

1
8105 8120

1
8121 8136

1
8137 8153

1
8154 8163

1
8164 8173

1
8174 8186

1
8187 8201

1
8202 8217

1
8218 8227

1
8228 8240

1
8241 8252

55
0 1
1 2
2 3
3 4
4 5
5 6
6 7
7 8
8 9
9 10
10 11
11 12
12 13
13 14
14 15
15 16
16 17
17 18
18 19
19 20
20 21
21 22
22 23
23 24
24 25
25 26
26 27
27 28
28 29
29 30
30 31
31 32
32 33
33 34
34 35
35 36
36 37
37 38
38 39
39 40
40 41
41 42
42 43
43 44
44 45
45 46
46 47
47 48
48 49
49 50
50 51
51 52
52 53
53 54
54 0

0
