30
1
8038 8052

1
8053 8062

1
8063 8072

1
7673 7682

1
7683 7692

1
7693 7708

1
7709 7726

1
7727 7740

1
7741 7752

1
7753 7764

1
7765 7774

1
7775 7790

1
7791 7806

1
7807 7821

1
7822 7833

1
7834 7843

1
7844 7856

1
7857 7872

1
7873 7882

1
7883 7893

1
7894 7904

1
7905 7921

1
7922 7936

1
7937 7954

1
7955 7968

1
7969 7980

1
7981 7990

1
7991 8002

1
8003 8020

1
8021 8037

30
0 1
1 2
2 3
3 4
4 5
5 6
6 7
7 8
8 9
9 10
10 11
11 12
12 13
13 14
14 15
15 16
16 17
17 18
18 19
19 20
20 21
21 22
22 23
23 24
24 25
25 26
26 27
27 28
28 29
29 0

0
