29
1
955 975

1
976 990

1
991 1001

1
1002 1011

1
1012 1027

1
1028 1039

1
1040 1049

1
1050 1060

1
1061 1073

1
1074 1091

1
1092 1107

1
1108 1117

1
1118 1130

1
1131 1145

1
1146 1166

1
1167 1182

1
1183 1198

1
1199 1208

1
1209 1223

1
1224 1233

1
1234 1244

1
1245 1255

1
1256 1265

1
1266 1288

1
1289 1305

1
1306 1324

1
1325 1342

1
1343 1358

1
1359 1376

29
0 1
1 2
2 3
3 4
4 5
5 6
6 7
7 8
8 9
9 10
10 11
11 12
12 13
13 14
14 15
15 16
16 17
17 18
18 19
19 20
20 21
21 22
22 23
23 24
24 25
25 26
26 27
27 28
28 0

0
