125
1
935 944

1
945 954

1
955 975

1
976 990

1
991 1001

1
1002 1011

1
1012 1027

1
1028 1039

1
1040 1049

1
1050 1060

1
1061 1073

1
1074 1091

1
1092 1107

1
1108 1117

1
1118 1130

1
1131 1145

1
1146 1166

1
1167 1182

1
1183 1198

1
1199 1208

1
1209 1223

1
1224 1233

1
1234 1244

1
1245 1255

1
1256 1265

1
1266 1288

1
1289 1305

1
1306 1324

1
1325 1342

1
1343 1358

1
1359 1376

1
1377 1396

1
1397 1415

1
1416 1432

1
1433 1447

1
1448 1461

1
1462 1471

1
1472 1482

1
1483 1495

1
1496 1505

1
1506 1518

1
1519 1530

1
1531 1540

1
1541 1551

1
1552 1569

1
1570 1587

1
1588 1610

1
1611 1623

1
1624 1645

1
1646 1657

1
1658 1669

1
1670 1680

1
1681 1694

1
1695 1713

1
1714 1725

1
1726 1735

1
1736 1748

1
1749 1763

1
1764 1773

1
1774 1790

1
1791 1800

1
1801 1813

1
1814 1823

1
1824 1833

1
1834 1843

1
1844 1854

1
1855 1869

1
1870 1883

1
1884 1893

1
1894 1904

1
1905 1919

1
1920 1934

1
1935 1949

1
1950 1959

1
1960 1970

1
1971 1980

1
1981 1992

1
1993 2007

1
2008 2017

1
2018 2033

1
2034 2043

1
2044 2053

1
2054 2067

1
2068 2080

1
2081 2098

1
2099 2111

1
2112 2121

1
2122 2131

1
2132 2148

1
2149 2166

1
2167 2178

1
2179 2189

1
2190 2199

1
2200 2211

1
2212 2221

1
2222 2234

1
2235 2250

1
2251 2268

1
2269 2278

1
2279 2294

1
2295 2306

1
2307 2320

1
2321 2341

1
2342 2353

1
2354 2364

1
2365 2380

1
2381 2390

1
2391 2400

1
2401 2411

1
2412 2429

1
2430 2447

1
2448 2461

1
2462 2473

1
2474 2485

1
2486 2497

1
2498 2507

1
2508 2517

1
2518 2527

1
2528 2538

1
2539 2550

1
2551 2570

1
2571 2588

1
2589 2604

1
2605 2622

1
2623 2637

125
0 1
1 2
2 3
3 4
4 5
5 6
6 7
7 8
8 9
9 10
10 11
11 12
12 13
13 14
14 15
15 16
16 17
17 18
18 19
19 20
20 21
21 22
22 23
23 24
24 25
25 26
26 27
27 28
28 29
29 30
30 31
31 32
32 33
33 34
34 35
35 36
36 37
37 38
38 39
39 40
40 41
41 42
42 43
43 44
44 45
45 46
46 47
47 48
48 49
49 50
50 51
51 52
52 53
53 54
54 55
55 56
56 57
57 58
58 59
59 60
60 61
61 62
62 63
63 64
64 65
65 66
66 67
67 68
68 69
69 70
70 71
71 72
72 73
73 74
74 75
75 76
76 77
77 78
78 79
79 80
80 81
81 82
82 83
83 84
84 85
85 86
86 87
87 88
88 89
89 90
90 91
91 92
92 93
93 94
94 95
95 96
96 97
97 98
98 99
99 100
100 101
101 102
102 103
103 104
104 105
105 106
106 107
107 108
108 109
109 110
110 111
111 112
112 113
113 114
114 115
115 116
116 117
117 118
118 119
119 120
120 121
121 122
122 123
123 124
124 0

0
