89
1
914 923

1
924 934

1
935 944

1
945 954

1
955 975

1
976 990

1
991 1001

1
1002 1011

1
1012 1027

1
1028 1039

1
1040 1049

1
1050 1060

1
1061 1073

1
1074 1091

1
1092 1107

1
1108 1117

1
1118 1130

1
1131 1145

1
1146 1166

1
1167 1182

1
1183 1198

1
1199 1208

1
1209 1223

1
1224 1233

1
1234 1244

1
1245 1255

1
1256 1265

1
1266 1288

1
1289 1305

1
1306 1324

1
1325 1342

1
1343 1358

1
1359 1376

1
1377 1396

1
1397 1415

1
1416 1432

1
1433 1447

1
1448 1461

1
1462 1471

1
1472 1482

1
1483 1495

1
1496 1505

1
1506 1518

1
1519 1530

1
1531 1540

1
1541 1551

1
1552 1569

1
1570 1587

1
1588 1610

1
1611 1623

1
1624 1645

1
1646 1657

1
1658 1669

1
1670 1680

1
1681 1694

1
1695 1713

1
1714 1725

1
1726 1735

1
1736 1748

1
1749 1763

1
1764 1773

1
1774 1790

1
1791 1800

1
1801 1813

1
1814 1823

1
1824 1833

1
1834 1843

1
1844 1854

1
1855 1869

1
1870 1883

1
619 634

1
635 649

1
650 660

1
661 670

1
671 681

1
682 691

1
692 704

1
705 714

1
715 726

1
727 742

1
743 769

1
770 818

1
819 838

1
839 857

1
858 872

1
873 882

1
883 892

1
893 903

1
904 913

89
0 1
1 2
2 3
3 4
4 5
5 6
6 7
7 8
8 9
9 10
10 11
11 12
12 13
13 14
14 15
15 16
16 17
17 18
18 19
19 20
20 21
21 22
22 23
23 24
24 25
25 26
26 27
27 28
28 29
29 30
30 31
31 32
32 33
33 34
34 35
35 36
36 37
37 38
38 39
39 40
40 41
41 42
42 43
43 44
44 45
45 46
46 47
47 48
48 49
49 50
50 51
51 52
52 53
53 54
54 55
55 56
56 57
57 58
58 59
59 60
60 61
61 62
62 63
63 64
64 65
65 66
66 67
67 68
68 69
69 70
70 71
71 72
72 73
73 74
74 75
75 76
76 77
77 78
78 79
79 80
80 81
81 82
82 83
83 84
84 85
85 86
86 87
87 88
88 0

0
