38
1
7060 7069

1
7070 7082

1
7083 7093

1
7094 7103

1
7104 7117

1
7118 7134

1
7135 7151

1
7152 7167

1
7168 7181

1
7182 7191

1
7192 7201

1
7202 7216

1
7217 7233

1
7234 7249

1
7250 7259

1
7260 7269

1
7270 7283

1
7284 7297

1
7298 7308

1
7309 7319

1
7320 7332

1
6841 6854

1
6855 6866

1
6867 6876

1
6877 6887

1
6888 6900

1
6901 6910

1
6911 6920

1
6921 6936

1
6937 6956

1
6957 6969

1
6970 6985

1
6986 7003

1
7004 7013

1
7014 7023

1
7024 7036

1
7037 7049

1
7050 7059

38
0 1
1 2
2 3
3 4
4 5
5 6
6 7
7 8
8 9
9 10
10 11
11 12
12 13
13 14
14 15
15 16
16 17
17 18
18 19
19 20
20 21
21 22
22 23
23 24
24 25
25 26
26 27
27 28
28 29
29 30
30 31
31 32
32 33
33 34
34 35
35 36
36 37
37 0

0
