30
1
4565 4575

1
4576 4586

1
4587 4596

1
4597 4608

1
4609 4620

1
4621 4639

1
4640 4653

1
4654 4669

1
4670 4685

1
4686 4701

1
4702 4718

1
4719 4735

1
4736 4751

1
4752 4766

1
4767 4784

1
4785 4799

1
4800 4816

1
4817 4829

1
4376 4391

1
4392 4406

1
4407 4430

1
4431 4443

1
4444 4457

1
4458 4474

1
4475 4490

1
4491 4504

1
4505 4521

1
4522 4536

1
4537 4546

1
4547 4564

30
0 1
1 2
2 3
3 4
4 5
5 6
6 7
7 8
8 9
9 10
10 11
11 12
12 13
13 14
14 15
15 16
16 17
17 18
18 19
19 20
20 21
21 22
22 23
23 24
24 25
25 26
26 27
27 28
28 29
29 0

0
