47
1
1935 1949

1
1950 1959

1
1960 1970

1
1971 1980

1
1981 1992

1
1993 2007

1
2008 2017

1
2018 2033

1
2034 2043

1
2044 2053

1
2054 2067

1
2068 2080

1
2081 2098

1
2099 2111

1
2112 2121

1
2122 2131

1
2132 2148

1
2149 2166

1
2167 2178

1
2179 2189

1
2190 2199

1
2200 2211

1
2212 2221

1
2222 2234

1
2235 2250

1
2251 2268

1
2269 2278

1
2279 2294

1
2295 2306

1
2307 2320

1
2321 2341

1
2342 2353

1
2354 2364

1
2365 2380

1
2381 2390

1
2391 2400

1
2401 2411

1
2412 2429

1
2430 2447

1
2448 2461

1
2462 2473

1
2474 2485

1
2486 2497

1
2498 2507

1
2508 2517

1
2518 2527

1
2528 2538

47
0 1
1 2
2 3
3 4
4 5
5 6
6 7
7 8
8 9
9 10
10 11
11 12
12 13
13 14
14 15
15 16
16 17
17 18
18 19
19 20
20 21
21 22
22 23
23 24
24 25
25 26
26 27
27 28
28 29
29 30
30 31
31 32
32 33
33 34
34 35
35 36
36 37
37 38
38 39
39 40
40 41
41 42
42 43
43 44
44 45
45 46
46 0

0
