598
1
3851 3861

1
3862 3874

1
3875 3884

1
3885 3898

1
3899 3908

1
3909 3918

1
3919 3933

1
3934 3950

1
3951 3965

1
3966 3975

1
3976 3989

1
3990 3999

1
4000 4014

1
4015 4024

1
4025 4035

1
4036 4047

1
4048 4057

1
4058 4067

1
4068 4077

1
4078 4092

1
4093 4102

1
4103 4112

1
4113 4126

1
4127 4136

1
4137 4150

1
4151 4160

1
4161 4179

1
4180 4189

1
4190 4207

1
4208 4218

1
4219 4230

1
4231 4243

1
4244 4263

1
4264 4273

1
4274 4284

1
4285 4295

1
4296 4311

1
4312 4327

1
4328 4343

1
4344 4353

1
4354 4363

1
4364 4375

1
4376 4391

1
4392 4406

1
4407 4430

1
4431 4443

1
4444 4457

1
4458 4474

1
4475 4490

1
4491 4504

1
4505 4521

1
4522 4536

1
4537 4546

1
4547 4564

1
4565 4575

1
4576 4586

1
4587 4596

1
4597 4608

1
4609 4620

1
4621 4639

1
4640 4653

1
4654 4669

1
4670 4685

1
4686 4701

1
4702 4718

1
4719 4735

1
4736 4751

1
4752 4766

1
4767 4784

1
4785 4799

1
4800 4816

1
4817 4829

1
4830 4839

1
4840 4849

1
4850 4861

1
4862 4880

1
4881 4890

1
4891 4905

1
4906 4918

1
4919 4929

1
4930 4945

1
4946 4959

1
4960 4969

1
4970 4979

1
4980 4998

1
4999 5012

1
5013 5026

1
5027 5040

1
5041 5061

1
5062 5072

1
5073 5082

1
5083 5092

1
5093 5113

1
5114 5123

1
5124 5133

1
5134 5143

1
5144 5154

1
5155 5171

1
5172 5187

1
5188 5197

1
5198 5211

1
5212 5226

1
5227 5236

1
5237 5254

1
5255 5267

1
5268 5279

1
5280 5291

1
5292 5321

1
5322 5332

1
5333 5346

1
5347 5359

1
5360 5387

1
5388 5398

1
5399 5409

1
5410 5427

1
5428 5437

1
5438 5447

1
5448 5462

1
5463 5477

1
5478 5487

1
5488 5499

1
5500 5512

1
5513 5525

1
5526 5539

1
5540 5549

1
5550 5559

1
5560 5569

1
5570 5579

1
5580 5590

1
5591 5603

1
5604 5617

1
5618 5627

1
5628 5639

1
5640 5650

1
5651 5660

1
5661 5672

1
5673 5688

1
5689 5698

1
5699 5708

1
5709 5719

1
5720 5735

1
5736 5749

1
5750 5768

1
5769 5781

1
5782 5793

1
5794 5803

1
5804 5813

1
5814 5824

1
5825 5835

1
5836 5846

1
5847 5856

1
5857 5867

1
5868 5878

1
5879 5888

1
5889 5898

1
5899 5912

1
5913 5922

1
5923 5935

1
5936 5947

1
5948 5958

1
5959 5968

1
5969 5978

1
5979 5988

1
5989 5999

1
6000 6011

1
6012 6030

1
6031 6047

1
6048 6061

1
6062 6075

1
6076 6088

1
6089 6100

1
6101 6115

1
6116 6125

1
6126 6146

1
6147 6164

1
6165 6176

1
6177 6192

1
6193 6218

1
6219 6231

1
6232 6242

1
6243 6252

1
6253 6274

1
6275 6284

1
6285 6296

1
6297 6309

1
6310 6324

1
6325 6335

1
6336 6345

1
6346 6355

1
6356 6365

1
6366 6375

1
6376 6386

1
6387 6399

1
6400 6409

1
6410 6419

1
6420 6429

1
6430 6445

1
6446 6455

1
6456 6473

1
6474 6483

1
6484 6494

1
6495 6510

1
6511 6525

1
6526 6540

1
6541 6550

1
6551 6564

1
6565 6576

1
6577 6589

1
6590 6599

1
6600 6611

1
6612 6624

1
6625 6635

1
6636 6645

1
6646 6658

1
6659 6670

1
6671 6681

1
6682 6691

1
6692 6702

1
6703 6712

1
6713 6722

1
6723 6739

1
6740 6753

1
6754 6763

1
6764 6773

1
6774 6788

1
6789 6798

1
6799 6808

1
6809 6820

1
6821 6830

1
6831 6840

1
6841 6854

1
6855 6866

1
6867 6876

1
6877 6887

1
6888 6900

1
6901 6910

1
6911 6920

1
6921 6936

1
6937 6956

1
6957 6969

1
6970 6985

1
6986 7003

1
7004 7013

1
7014 7023

1
7024 7036

1
7037 7049

1
7050 7059

1
7060 7069

1
7070 7082

1
7083 7093

1
7094 7103

1
7104 7117

1
7118 7134

1
7135 7151

1
7152 7167

1
7168 7181

1
7182 7191

1
7192 7201

1
7202 7216

1
7217 7233

1
7234 7249

1
7250 7259

1
7260 7269

1
7270 7283

1
7284 7297

1
7298 7308

1
7309 7319

1
7320 7332

1
7333 7351

1
7352 7364

1
7365 7374

1
7375 7385

1
7386 7395

1
7396 7405

1
7406 7416

1
7417 7427

1
7428 7437

1
7438 7447

1
7448 7462

1
7463 7478

1
7479 7496

1
7497 7508

1
7509 7518

1
7519 7530

1
7531 7543

1
7544 7559

1
7560 7578

1
7579 7591

1
7592 7611

1
7612 7627

1
7628 7641

1
7642 7660

1
7661 7672

1
7673 7682

1
7683 7692

1
7693 7708

1
7709 7726

1
7727 7740

1
7741 7752

1
7753 7764

1
7765 7774

1
7775 7790

1
7791 7806

1
7807 7821

1
7822 7833

1
7834 7843

1
7844 7856

1
7857 7872

1
7873 7882

1
7883 7893

1
7894 7904

1
7905 7921

1
7922 7936

1
7937 7954

1
7955 7968

1
7969 7980

1
7981 7990

1
7991 8002

1
8003 8020

1
8021 8037

1
8038 8052

1
8053 8062

1
8063 8072

1
8073 8087

1
8088 8104

1
8105 8120

1
8121 8136

1
8137 8153

1
8154 8163

1
8164 8173

1
8174 8186

1
8187 8201

1
8202 8217

1
8218 8227

1
8228 8240

1
8241 8252

1
8253 8266

1
8267 8281

1
8282 8291

1
8292 8301

1
8302 8314

1
8315 8324

1
8325 8334

1
264 288

1
289 298

1
299 310

1
311 327

1
328 344

1
345 356

1
357 369

1
370 383

1
384 393

1
394 406

1
407 427

1
428 445

1
446 455

1
456 471

1
472 485

1
486 496

1
497 514

1
515 527

1
528 553

1
554 569

1
570 600

1
601 618

1
619 634

1
635 649

1
650 660

1
661 670

1
671 681

1
682 691

1
692 704

1
705 714

1
715 726

1
727 742

1
743 769

1
770 818

1
819 838

1
839 857

1
858 872

1
873 882

1
883 892

1
893 903

1
904 913

1
914 923

1
924 934

1
935 944

1
945 954

1
955 975

1
976 990

1
991 1001

1
1002 1011

1
1012 1027

1
1028 1039

1
1040 1049

1
1050 1060

1
1061 1073

1
1074 1091

1
1092 1107

1
1108 1117

1
1118 1130

1
1131 1145

1
1146 1166

1
1167 1182

1
1183 1198

1
1199 1208

1
1209 1223

1
1224 1233

1
1234 1244

1
1245 1255

1
1256 1265

1
1266 1288

1
1289 1305

1
1306 1324

1
1325 1342

1
1343 1358

1
1359 1376

1
1377 1396

1
1397 1415

1
1416 1432

1
1433 1447

1
1448 1461

1
1462 1471

1
1472 1482

1
1483 1495

1
1496 1505

1
1506 1518

1
1519 1530

1
1531 1540

1
1541 1551

1
1552 1569

1
1570 1587

1
1588 1610

1
1611 1623

1
1624 1645

1
1646 1657

1
1658 1669

1
1670 1680

1
1681 1694

1
1695 1713

1
1714 1725

1
1726 1735

1
1736 1748

1
1749 1763

1
1764 1773

1
1774 1790

1
1791 1800

1
1801 1813

1
1814 1823

1
1824 1833

1
1834 1843

1
1844 1854

1
1855 1869

1
1870 1883

1
1884 1893

1
1894 1904

1
1905 1919

1
1920 1934

1
1935 1949

1
1950 1959

1
1960 1970

1
1971 1980

1
1981 1992

1
1993 2007

1
2008 2017

1
2018 2033

1
2034 2043

1
2044 2053

1
2054 2067

1
2068 2080

1
2081 2098

1
2099 2111

1
2112 2121

1
2122 2131

1
2132 2148

1
2149 2166

1
2167 2178

1
2179 2189

1
2190 2199

1
2200 2211

1
2212 2221

1
2222 2234

1
2235 2250

1
2251 2268

1
2269 2278

1
2279 2294

1
2295 2306

1
2307 2320

1
2321 2341

1
2342 2353

1
2354 2364

1
2365 2380

1
2381 2390

1
2391 2400

1
2401 2411

1
2412 2429

1
2430 2447

1
2448 2461

1
2462 2473

1
2474 2485

1
2486 2497

1
2498 2507

1
2508 2517

1
2518 2527

1
2528 2538

1
2539 2550

1
2551 2570

1
2571 2588

1
2589 2604

1
2605 2622

1
2623 2637

1
2638 2656

1
2657 2676

1
2677 2689

1
2690 2699

1
2700 2722

1
2723 2732

1
2733 2744

1
2745 2757

1
2758 2781

1
2782 2796

1
2797 2815

1
2816 2829

1
2830 2839

1
2840 2850

1
2851 2866

1
2867 2884

1
2885 2900

1
2901 2910

1
2911 2920

1
2921 2932

1
2933 2947

1
2948 2961

1
2962 2974

1
2975 2984

1
2985 3001

1
3002 3012

1
3013 3023

1
3024 3039

1
3040 3053

1
3054 3063

1
3064 3080

1
3081 3094

1
3095 3104

1
3105 3114

1
3115 3125

1
3126 3139

1
3140 3149

1
3150 3160

1
3161 3174

1
3175 3192

1
3193 3207

1
3208 3217

1
3218 3231

1
3232 3242

1
3243 3252

1
3253 3265

1
3266 3275

1
3276 3290

1
3291 3300

1
3301 3314

1
3315 3326

1
3327 3340

1
3341 3350

1
3351 3365

1
3366 3378

1
3379 3401

1
3402 3417

1
3418 3430

1
3431 3444

1
3445 3454

1
3455 3464

1
3465 3481

1
3482 3499

1
3500 3518

1
3519 3529

1
3530 3539

1
3540 3549

1
3550 3559

1
3560 3569

1
3570 3579

1
3580 3592

1
3593 3605

1
3606 3619

1
3620 3630

1
3631 3644

1
3645 3655

1
3656 3697

1
3698 3707

1
3708 3726

1
3727 3743

1
3744 3757

1
3758 3775

1
3776 3796

1
3797 3810

1
3811 3820

1
3821 3833

1
3834 3850

598
0 1
1 2
2 3
3 4
4 5
5 6
6 7
7 8
8 9
9 10
10 11
11 12
12 13
13 14
14 15
15 16
16 17
17 18
18 19
19 20
20 21
21 22
22 23
23 24
24 25
25 26
26 27
27 28
28 29
29 30
30 31
31 32
32 33
33 34
34 35
35 36
36 37
37 38
38 39
39 40
40 41
41 42
42 43
43 44
44 45
45 46
46 47
47 48
48 49
49 50
50 51
51 52
52 53
53 54
54 55
55 56
56 57
57 58
58 59
59 60
60 61
61 62
62 63
63 64
64 65
65 66
66 67
67 68
68 69
69 70
70 71
71 72
72 73
73 74
74 75
75 76
76 77
77 78
78 79
79 80
80 81
81 82
82 83
83 84
84 85
85 86
86 87
87 88
88 89
89 90
90 91
91 92
92 93
93 94
94 95
95 96
96 97
97 98
98 99
99 100
100 101
101 102
102 103
103 104
104 105
105 106
106 107
107 108
108 109
109 110
110 111
111 112
112 113
113 114
114 115
115 116
116 117
117 118
118 119
119 120
120 121
121 122
122 123
123 124
124 125
125 126
126 127
127 128
128 129
129 130
130 131
131 132
132 133
133 134
134 135
135 136
136 137
137 138
138 139
139 140
140 141
141 142
142 143
143 144
144 145
145 146
146 147
147 148
148 149
149 150
150 151
151 152
152 153
153 154
154 155
155 156
156 157
157 158
158 159
159 160
160 161
161 162
162 163
163 164
164 165
165 166
166 167
167 168
168 169
169 170
170 171
171 172
172 173
173 174
174 175
175 176
176 177
177 178
178 179
179 180
180 181
181 182
182 183
183 184
184 185
185 186
186 187
187 188
188 189
189 190
190 191
191 192
192 193
193 194
194 195
195 196
196 197
197 198
198 199
199 200
200 201
201 202
202 203
203 204
204 205
205 206
206 207
207 208
208 209
209 210
210 211
211 212
212 213
213 214
214 215
215 216
216 217
217 218
218 219
219 220
220 221
221 222
222 223
223 224
224 225
225 226
226 227
227 228
228 229
229 230
230 231
231 232
232 233
233 234
234 235
235 236
236 237
237 238
238 239
239 240
240 241
241 242
242 243
243 244
244 245
245 246
246 247
247 248
248 249
249 250
250 251
251 252
252 253
253 254
254 255
255 256
256 257
257 258
258 259
259 260
260 261
261 262
262 263
263 264
264 265
265 266
266 267
267 268
268 269
269 270
270 271
271 272
272 273
273 274
274 275
275 276
276 277
277 278
278 279
279 280
280 281
281 282
282 283
283 284
284 285
285 286
286 287
287 288
288 289
289 290
290 291
291 292
292 293
293 294
294 295
295 296
296 297
297 298
298 299
299 300
300 301
301 302
302 303
303 304
304 305
305 306
306 307
307 308
308 309
309 310
310 311
311 312
312 313
313 314
314 315
315 316
316 317
317 318
318 319
319 320
320 321
321 322
322 323
323 324
324 325
325 326
326 327
327 328
328 329
329 330
330 331
331 332
332 333
333 334
334 335
335 336
336 337
337 338
338 339
339 340
340 341
341 342
342 343
343 344
344 345
345 346
346 347
347 348
348 349
349 350
350 351
351 352
352 353
353 354
354 355
355 356
356 357
357 358
358 359
359 360
360 361
361 362
362 363
363 364
364 365
365 366
366 367
367 368
368 369
369 370
370 371
371 372
372 373
373 374
374 375
375 376
376 377
377 378
378 379
379 380
380 381
381 382
382 383
383 384
384 385
385 386
386 387
387 388
388 389
389 390
390 391
391 392
392 393
393 394
394 395
395 396
396 397
397 398
398 399
399 400
400 401
401 402
402 403
403 404
404 405
405 406
406 407
407 408
408 409
409 410
410 411
411 412
412 413
413 414
414 415
415 416
416 417
417 418
418 419
419 420
420 421
421 422
422 423
423 424
424 425
425 426
426 427
427 428
428 429
429 430
430 431
431 432
432 433
433 434
434 435
435 436
436 437
437 438
438 439
439 440
440 441
441 442
442 443
443 444
444 445
445 446
446 447
447 448
448 449
449 450
450 451
451 452
452 453
453 454
454 455
455 456
456 457
457 458
458 459
459 460
460 461
461 462
462 463
463 464
464 465
465 466
466 467
467 468
468 469
469 470
470 471
471 472
472 473
473 474
474 475
475 476
476 477
477 478
478 479
479 480
480 481
481 482
482 483
483 484
484 485
485 486
486 487
487 488
488 489
489 490
490 491
491 492
492 493
493 494
494 495
495 496
496 497
497 498
498 499
499 500
500 501
501 502
502 503
503 504
504 505
505 506
506 507
507 508
508 509
509 510
510 511
511 512
512 513
513 514
514 515
515 516
516 517
517 518
518 519
519 520
520 521
521 522
522 523
523 524
524 525
525 526
526 527
527 528
528 529
529 530
530 531
531 532
532 533
533 534
534 535
535 536
536 537
537 538
538 539
539 540
540 541
541 542
542 543
543 544
544 545
545 546
546 547
547 548
548 549
549 550
550 551
551 552
552 553
553 554
554 555
555 556
556 557
557 558
558 559
559 560
560 561
561 562
562 563
563 564
564 565
565 566
566 567
567 568
568 569
569 570
570 571
571 572
572 573
573 574
574 575
575 576
576 577
577 578
578 579
579 580
580 581
581 582
582 583
583 584
584 585
585 586
586 587
587 588
588 589
589 590
590 591
591 592
592 593
593 594
594 595
595 596
596 597
597 0

0
