27
1
3851 3861

1
3862 3874

1
3875 3884

1
3885 3898

1
3899 3908

1
3909 3918

1
3919 3933

1
3934 3950

1
3951 3965

1
3966 3975

1
3976 3989

1
3990 3999

1
4000 4014

1
4015 4024

1
4025 4035

1
4036 4047

1
4048 4057

1
4058 4067

1
4068 4077

1
4078 4092

1
4093 4102

1
4103 4112

1
4113 4126

1
4127 4136

1
4137 4150

1
4151 4160

1
3834 3850

27
0 1
1 2
2 3
3 4
4 5
5 6
6 7
7 8
8 9
9 10
10 11
11 12
12 13
13 14
14 15
15 16
16 17
17 18
18 19
19 20
20 21
21 22
22 23
23 24
24 25
25 26
26 0

0
