36
1
7497 7508

1
7509 7518

1
7060 7069

1
7070 7082

1
7083 7093

1
7094 7103

1
7104 7117

1
7118 7134

1
7135 7151

1
7152 7167

1
7168 7181

1
7182 7191

1
7192 7201

1
7202 7216

1
7217 7233

1
7234 7249

1
7250 7259

1
7260 7269

1
7270 7283

1
7284 7297

1
7298 7308

1
7309 7319

1
7320 7332

1
7333 7351

1
7352 7364

1
7365 7374

1
7375 7385

1
7386 7395

1
7396 7405

1
7406 7416

1
7417 7427

1
7428 7437

1
7438 7447

1
7448 7462

1
7463 7478

1
7479 7496

36
0 1
1 2
2 3
3 4
4 5
5 6
6 7
7 8
8 9
9 10
10 11
11 12
12 13
13 14
14 15
15 16
16 17
17 18
18 19
19 20
20 21
21 22
22 23
23 24
24 25
25 26
26 27
27 28
28 29
29 30
30 31
31 32
32 33
33 34
34 35
35 0

0
