68
1
6031 6047

1
6048 6061

1
6062 6075

1
6076 6088

1
6089 6100

1
6101 6115

1
6116 6125

1
6126 6146

1
6147 6164

1
6165 6176

1
6177 6192

1
6193 6218

1
6219 6231

1
6232 6242

1
6243 6252

1
6253 6274

1
6275 6284

1
6285 6296

1
6297 6309

1
6310 6324

1
6325 6335

1
6336 6345

1
6346 6355

1
6356 6365

1
6366 6375

1
6376 6386

1
6387 6399

1
6400 6409

1
6410 6419

1
6420 6429

1
6430 6445

1
6446 6455

1
6456 6473

1
6474 6483

1
6484 6494

1
6495 6510

1
6511 6525

1
6526 6540

1
6541 6550

1
6551 6564

1
6565 6576

1
6577 6589

1
6590 6599

1
6600 6611

1
6612 6624

1
6625 6635

1
6636 6645

1
6646 6658

1
6659 6670

1
6671 6681

1
6682 6691

1
6692 6702

1
6703 6712

1
6713 6722

1
6723 6739

1
6740 6753

1
6754 6763

1
6764 6773

1
6774 6788

1
6789 6798

1
6799 6808

1
6809 6820

1
6821 6830

1
6831 6840

1
6841 6854

1
6855 6866

1
6867 6876

1
6877 6887

68
0 1
1 2
2 3
3 4
4 5
5 6
6 7
7 8
8 9
9 10
10 11
11 12
12 13
13 14
14 15
15 16
16 17
17 18
18 19
19 20
20 21
21 22
22 23
23 24
24 25
25 26
26 27
27 28
28 29
29 30
30 31
31 32
32 33
33 34
34 35
35 36
36 37
37 38
38 39
39 40
40 41
41 42
42 43
43 44
44 45
45 46
46 47
47 48
48 49
49 50
50 51
51 52
52 53
53 54
54 55
55 56
56 57
57 58
58 59
59 60
60 61
61 62
62 63
63 64
64 65
65 66
66 67
67 0

0
