36
1
8253 8266

1
8267 8281

1
8282 8291

1
8292 8301

1
8302 8314

1
8315 8324

1
8325 8334

1
8335 8346

1
8347 8356

1
8357 8368

1
8369 8379

1
8380 8397

1
8398 8411

1
8412 8421

1
8422 8434

1
8435 8445

1
8446 8455

1
8456 8472

1
8473 8490

1
8491 8508

1
8509 8518

1
8519 8528

1
8529 8540

1
8541 8551

1
8552 8562

1
8563 8577

1
8578 8592

1
8593 8602

1
8603 8612

1
8613 8626

1
8627 8644

1
8187 8201

1
8202 8217

1
8218 8227

1
8228 8240

1
8241 8252

36
0 1
1 2
2 3
3 4
4 5
5 6
6 7
7 8
8 9
9 10
10 11
11 12
12 13
13 14
14 15
15 16
16 17
17 18
18 19
19 20
20 21
21 22
22 23
23 24
24 25
25 26
26 27
27 28
28 29
29 30
30 31
31 32
32 33
33 34
34 35
35 0

0
