42
1
5198 5211

1
5212 5226

1
5227 5236

1
5237 5254

1
5255 5267

1
5268 5279

1
5280 5291

1
5292 5321

1
5322 5332

1
5333 5346

1
5347 5359

1
5360 5387

1
5388 5398

1
5399 5409

1
5410 5427

1
5428 5437

1
5438 5447

1
5448 5462

1
5463 5477

1
5478 5487

1
4906 4918

1
4919 4929

1
4930 4945

1
4946 4959

1
4960 4969

1
4970 4979

1
4980 4998

1
4999 5012

1
5013 5026

1
5027 5040

1
5041 5061

1
5062 5072

1
5073 5082

1
5083 5092

1
5093 5113

1
5114 5123

1
5124 5133

1
5134 5143

1
5144 5154

1
5155 5171

1
5172 5187

1
5188 5197

42
0 1
1 2
2 3
3 4
4 5
5 6
6 7
7 8
8 9
9 10
10 11
11 12
12 13
13 14
14 15
15 16
16 17
17 18
18 19
19 20
20 21
21 22
22 23
23 24
24 25
25 26
26 27
27 28
28 29
29 30
30 31
31 32
32 33
33 34
34 35
35 36
36 37
37 38
38 39
39 40
40 41
41 0

0
