41
1
4565 4575

1
4576 4586

1
4587 4596

1
4597 4608

1
4609 4620

1
4621 4639

1
4640 4653

1
4654 4669

1
4670 4685

1
4686 4701

1
4702 4718

1
4719 4735

1
4736 4751

1
4752 4766

1
4767 4784

1
4785 4799

1
4800 4816

1
4817 4829

1
4830 4839

1
4840 4849

1
4850 4861

1
4862 4880

1
4881 4890

1
4891 4905

1
4906 4918

1
4919 4929

1
4930 4945

1
4946 4959

1
4960 4969

1
4970 4979

1
4980 4998

1
4999 5012

1
5013 5026

1
5027 5040

1
4458 4474

1
4475 4490

1
4491 4504

1
4505 4521

1
4522 4536

1
4537 4546

1
4547 4564

41
0 1
1 2
2 3
3 4
4 5
5 6
6 7
7 8
8 9
9 10
10 11
11 12
12 13
13 14
14 15
15 16
16 17
17 18
18 19
19 20
20 21
21 22
22 23
23 24
24 25
25 26
26 27
27 28
28 29
29 30
30 31
31 32
32 33
33 34
34 35
35 36
36 37
37 38
38 39
39 40
40 0

0
