134
1
8253 8266

1
8267 8281

1
8282 8291

1
8292 8301

1
8302 8314

1
8315 8324

1
8325 8334

1
8335 8346

1
8347 8356

1
8357 8368

1
8369 8379

1
8380 8397

1
8398 8411

1
8412 8421

1
8422 8434

1
8435 8445

1
8446 8455

1
6713 6722

1
6723 6739

1
6740 6753

1
6754 6763

1
6764 6773

1
6774 6788

1
6789 6798

1
6799 6808

1
6809 6820

1
6821 6830

1
6831 6840

1
6841 6854

1
6855 6866

1
6867 6876

1
6877 6887

1
6888 6900

1
6901 6910

1
6911 6920

1
6921 6936

1
6937 6956

1
6957 6969

1
6970 6985

1
6986 7003

1
7004 7013

1
7014 7023

1
7024 7036

1
7037 7049

1
7050 7059

1
7060 7069

1
7070 7082

1
7083 7093

1
7094 7103

1
7104 7117

1
7118 7134

1
7135 7151

1
7152 7167

1
7168 7181

1
7182 7191

1
7192 7201

1
7202 7216

1
7217 7233

1
7234 7249

1
7250 7259

1
7260 7269

1
7270 7283

1
7284 7297

1
7298 7308

1
7309 7319

1
7320 7332

1
7333 7351

1
7352 7364

1
7365 7374

1
7375 7385

1
7386 7395

1
7396 7405

1
7406 7416

1
7417 7427

1
7428 7437

1
7438 7447

1
7448 7462

1
7463 7478

1
7479 7496

1
7497 7508

1
7509 7518

1
7519 7530

1
7531 7543

1
7544 7559

1
7560 7578

1
7579 7591

1
7592 7611

1
7612 7627

1
7628 7641

1
7642 7660

1
7661 7672

1
7673 7682

1
7683 7692

1
7693 7708

1
7709 7726

1
7727 7740

1
7741 7752

1
7753 7764

1
7765 7774

1
7775 7790

1
7791 7806

1
7807 7821

1
7822 7833

1
7834 7843

1
7844 7856

1
7857 7872

1
7873 7882

1
7883 7893

1
7894 7904

1
7905 7921

1
7922 7936

1
7937 7954

1
7955 7968

1
7969 7980

1
7981 7990

1
7991 8002

1
8003 8020

1
8021 8037

1
8038 8052

1
8053 8062

1
8063 8072

1
8073 8087

1
8088 8104

1
8105 8120

1
8121 8136

1
8137 8153

1
8154 8163

1
8164 8173

1
8174 8186

1
8187 8201

1
8202 8217

1
8218 8227

1
8228 8240

1
8241 8252

134
0 1
1 2
2 3
3 4
4 5
5 6
6 7
7 8
8 9
9 10
10 11
11 12
12 13
13 14
14 15
15 16
16 17
17 18
18 19
19 20
20 21
21 22
22 23
23 24
24 25
25 26
26 27
27 28
28 29
29 30
30 31
31 32
32 33
33 34
34 35
35 36
36 37
37 38
38 39
39 40
40 41
41 42
42 43
43 44
44 45
45 46
46 47
47 48
48 49
49 50
50 51
51 52
52 53
53 54
54 55
55 56
56 57
57 58
58 59
59 60
60 61
61 62
62 63
63 64
64 65
65 66
66 67
67 68
68 69
69 70
70 71
71 72
72 73
73 74
74 75
75 76
76 77
77 78
78 79
79 80
80 81
81 82
82 83
83 84
84 85
85 86
86 87
87 88
88 89
89 90
90 91
91 92
92 93
93 94
94 95
95 96
96 97
97 98
98 99
99 100
100 101
101 102
102 103
103 104
104 105
105 106
106 107
107 108
108 109
109 110
110 111
111 112
112 113
113 114
114 115
115 116
116 117
117 118
118 119
119 120
120 121
121 122
122 123
123 124
124 125
125 126
126 127
127 128
128 129
129 130
130 131
131 132
132 133
133 0

0
