147
1
3851 3861

1
3862 3874

1
3875 3884

1
3885 3898

1
3899 3908

1
3909 3918

1
3919 3933

1
3934 3950

1
3951 3965

1
3966 3975

1
3976 3989

1
3990 3999

1
4000 4014

1
4015 4024

1
4025 4035

1
4036 4047

1
4048 4057

1
4058 4067

1
4068 4077

1
4078 4092

1
4093 4102

1
4103 4112

1
4113 4126

1
4127 4136

1
4137 4150

1
4151 4160

1
4161 4179

1
4180 4189

1
4190 4207

1
4208 4218

1
4219 4230

1
4231 4243

1
4244 4263

1
4264 4273

1
4274 4284

1
4285 4295

1
4296 4311

1
4312 4327

1
4328 4343

1
4344 4353

1
4354 4363

1
4364 4375

1
4376 4391

1
4392 4406

1
4407 4430

1
4431 4443

1
4444 4457

1
4458 4474

1
4475 4490

1
4491 4504

1
4505 4521

1
4522 4536

1
4537 4546

1
4547 4564

1
4565 4575

1
4576 4586

1
4587 4596

1
4597 4608

1
4609 4620

1
4621 4639

1
2638 2656

1
2657 2676

1
2677 2689

1
2690 2699

1
2700 2722

1
2723 2732

1
2733 2744

1
2745 2757

1
2758 2781

1
2782 2796

1
2797 2815

1
2816 2829

1
2830 2839

1
2840 2850

1
2851 2866

1
2867 2884

1
2885 2900

1
2901 2910

1
2911 2920

1
2921 2932

1
2933 2947

1
2948 2961

1
2962 2974

1
2975 2984

1
2985 3001

1
3002 3012

1
3013 3023

1
3024 3039

1
3040 3053

1
3054 3063

1
3064 3080

1
3081 3094

1
3095 3104

1
3105 3114

1
3115 3125

1
3126 3139

1
3140 3149

1
3150 3160

1
3161 3174

1
3175 3192

1
3193 3207

1
3208 3217

1
3218 3231

1
3232 3242

1
3243 3252

1
3253 3265

1
3266 3275

1
3276 3290

1
3291 3300

1
3301 3314

1
3315 3326

1
3327 3340

1
3341 3350

1
3351 3365

1
3366 3378

1
3379 3401

1
3402 3417

1
3418 3430

1
3431 3444

1
3445 3454

1
3455 3464

1
3465 3481

1
3482 3499

1
3500 3518

1
3519 3529

1
3530 3539

1
3540 3549

1
3550 3559

1
3560 3569

1
3570 3579

1
3580 3592

1
3593 3605

1
3606 3619

1
3620 3630

1
3631 3644

1
3645 3655

1
3656 3697

1
3698 3707

1
3708 3726

1
3727 3743

1
3744 3757

1
3758 3775

1
3776 3796

1
3797 3810

1
3811 3820

1
3821 3833

1
3834 3850

147
0 1
1 2
2 3
3 4
4 5
5 6
6 7
7 8
8 9
9 10
10 11
11 12
12 13
13 14
14 15
15 16
16 17
17 18
18 19
19 20
20 21
21 22
22 23
23 24
24 25
25 26
26 27
27 28
28 29
29 30
30 31
31 32
32 33
33 34
34 35
35 36
36 37
37 38
38 39
39 40
40 41
41 42
42 43
43 44
44 45
45 46
46 47
47 48
48 49
49 50
50 51
51 52
52 53
53 54
54 55
55 56
56 57
57 58
58 59
59 60
60 61
61 62
62 63
63 64
64 65
65 66
66 67
67 68
68 69
69 70
70 71
71 72
72 73
73 74
74 75
75 76
76 77
77 78
78 79
79 80
80 81
81 82
82 83
83 84
84 85
85 86
86 87
87 88
88 89
89 90
90 91
91 92
92 93
93 94
94 95
95 96
96 97
97 98
98 99
99 100
100 101
101 102
102 103
103 104
104 105
105 106
106 107
107 108
108 109
109 110
110 111
111 112
112 113
113 114
114 115
115 116
116 117
117 118
118 119
119 120
120 121
121 122
122 123
123 124
124 125
125 126
126 127
127 128
128 129
129 130
130 131
131 132
132 133
133 134
134 135
135 136
136 137
137 138
138 139
139 140
140 141
141 142
142 143
143 144
144 145
145 146
146 0

0
