38
1
6577 6589

1
6590 6599

1
6600 6611

1
6612 6624

1
6625 6635

1
6636 6645

1
6646 6658

1
6659 6670

1
6671 6681

1
6682 6691

1
6692 6702

1
6703 6712

1
6713 6722

1
6723 6739

1
6740 6753

1
6754 6763

1
6764 6773

1
6774 6788

1
6789 6798

1
6799 6808

1
6809 6820

1
6821 6830

1
6831 6840

1
6841 6854

1
6855 6866

1
6867 6876

1
6877 6887

1
6888 6900

1
6901 6910

1
6911 6920

1
6921 6936

1
6937 6956

1
6957 6969

1
6970 6985

1
6986 7003

1
7004 7013

1
7014 7023

1
7024 7036

38
0 1
1 2
2 3
3 4
4 5
5 6
6 7
7 8
8 9
9 10
10 11
11 12
12 13
13 14
14 15
15 16
16 17
17 18
18 19
19 20
20 21
21 22
22 23
23 24
24 25
25 26
26 27
27 28
28 29
29 30
30 31
31 32
32 33
33 34
34 35
35 36
36 37
37 0

0
