29
1
5899 5912

1
5913 5922

1
5923 5935

1
5936 5947

1
5948 5958

1
5959 5968

1
5969 5978

1
5979 5988

1
5989 5999

1
6000 6011

1
6012 6030

1
6031 6047

1
6048 6061

1
6062 6075

1
6076 6088

1
6089 6100

1
6101 6115

1
6116 6125

1
6126 6146

1
6147 6164

1
6165 6176

1
6177 6192

1
6193 6218

1
6219 6231

1
6232 6242

1
6243 6252

1
6253 6274

1
6275 6284

1
6285 6296

29
0 1
1 2
2 3
3 4
4 5
5 6
6 7
7 8
8 9
9 10
10 11
11 12
12 13
13 14
14 15
15 16
16 17
17 18
18 19
19 20
20 21
21 22
22 23
23 24
24 25
25 26
26 27
27 28
28 0

0
