58
1
7991 8002

1
7234 7249

1
7250 7259

1
7260 7269

1
7270 7283

1
7284 7297

1
7298 7308

1
7309 7319

1
7320 7332

1
7333 7351

1
7352 7364

1
7365 7374

1
7375 7385

1
7386 7395

1
7396 7405

1
7406 7416

1
7417 7427

1
7428 7437

1
7438 7447

1
7448 7462

1
7463 7478

1
7479 7496

1
7497 7508

1
7509 7518

1
7519 7530

1
7531 7543

1
7544 7559

1
7560 7578

1
7579 7591

1
7592 7611

1
7612 7627

1
7628 7641

1
7642 7660

1
7661 7672

1
7673 7682

1
7683 7692

1
7693 7708

1
7709 7726

1
7727 7740

1
7741 7752

1
7753 7764

1
7765 7774

1
7775 7790

1
7791 7806

1
7807 7821

1
7822 7833

1
7834 7843

1
7844 7856

1
7857 7872

1
7873 7882

1
7883 7893

1
7894 7904

1
7905 7921

1
7922 7936

1
7937 7954

1
7955 7968

1
7969 7980

1
7981 7990

58
0 1
1 2
2 3
3 4
4 5
5 6
6 7
7 8
8 9
9 10
10 11
11 12
12 13
13 14
14 15
15 16
16 17
17 18
18 19
19 20
20 21
21 22
22 23
23 24
24 25
25 26
26 27
27 28
28 29
29 30
30 31
31 32
32 33
33 34
34 35
35 36
36 37
37 38
38 39
39 40
40 41
41 42
42 43
43 44
44 45
45 46
46 47
47 48
48 49
49 50
50 51
51 52
52 53
53 54
54 55
55 56
56 57
57 0

0
