54
1
819 838

1
38 47

1
48 57

1
58 73

1
74 87

1
88 98

1
99 108

1
109 124

1
125 134

1
135 148

1
149 161

1
162 181

1
182 191

1
192 201

1
202 211

1
212 221

1
222 233

1
234 243

1
244 253

1
254 263

1
264 288

1
289 298

1
299 310

1
311 327

1
328 344

1
345 356

1
357 369

1
370 383

1
384 393

1
394 406

1
407 427

1
428 445

1
446 455

1
456 471

1
472 485

1
486 496

1
497 514

1
515 527

1
528 553

1
554 569

1
570 600

1
601 618

1
619 634

1
635 649

1
650 660

1
661 670

1
671 681

1
682 691

1
692 704

1
705 714

1
715 726

1
727 742

1
743 769

1
770 818

54
0 1
1 2
2 3
3 4
4 5
5 6
6 7
7 8
8 9
9 10
10 11
11 12
12 13
13 14
14 15
15 16
16 17
17 18
18 19
19 20
20 21
21 22
22 23
23 24
24 25
25 26
26 27
27 28
28 29
29 30
30 31
31 32
32 33
33 34
34 35
35 36
36 37
37 38
38 39
39 40
40 41
41 42
42 43
43 44
44 45
45 46
46 47
47 48
48 49
49 50
50 51
51 52
52 53
53 0

0
