43
1
1359 1376

1
1377 1396

1
1397 1415

1
1416 1432

1
1433 1447

1
1448 1461

1
1462 1471

1
1472 1482

1
1483 1495

1
1496 1505

1
1506 1518

1
1519 1530

1
1531 1540

1
1541 1551

1
1552 1569

1
1570 1587

1
1588 1610

1
1611 1623

1
1624 1645

1
1646 1657

1
1658 1669

1
1670 1680

1
1681 1694

1
1695 1713

1
1714 1725

1
1726 1735

1
1736 1748

1
1749 1763

1
1764 1773

1
1774 1790

1
1791 1800

1
1801 1813

1
1814 1823

1
1824 1833

1
1834 1843

1
1844 1854

1
1855 1869

1
1870 1883

1
1884 1893

1
1894 1904

1
1905 1919

1
1920 1934

1
1935 1949

43
0 1
1 2
2 3
3 4
4 5
5 6
6 7
7 8
8 9
9 10
10 11
11 12
12 13
13 14
14 15
15 16
16 17
17 18
18 19
19 20
20 21
21 22
22 23
23 24
24 25
25 26
26 27
27 28
28 29
29 30
30 31
31 32
32 33
33 34
34 35
35 36
36 37
37 38
38 39
39 40
40 41
41 42
42 0

0
