125
1
7060 7069

1
7070 7082

1
7083 7093

1
7094 7103

1
7104 7117

1
7118 7134

1
7135 7151

1
5591 5603

1
5604 5617

1
5618 5627

1
5628 5639

1
5640 5650

1
5651 5660

1
5661 5672

1
5673 5688

1
5689 5698

1
5699 5708

1
5709 5719

1
5720 5735

1
5736 5749

1
5750 5768

1
5769 5781

1
5782 5793

1
5794 5803

1
5804 5813

1
5814 5824

1
5825 5835

1
5836 5846

1
5847 5856

1
5857 5867

1
5868 5878

1
5879 5888

1
5889 5898

1
5899 5912

1
5913 5922

1
5923 5935

1
5936 5947

1
5948 5958

1
5959 5968

1
5969 5978

1
5979 5988

1
5989 5999

1
6000 6011

1
6012 6030

1
6031 6047

1
6048 6061

1
6062 6075

1
6076 6088

1
6089 6100

1
6101 6115

1
6116 6125

1
6126 6146

1
6147 6164

1
6165 6176

1
6177 6192

1
6193 6218

1
6219 6231

1
6232 6242

1
6243 6252

1
6253 6274

1
6275 6284

1
6285 6296

1
6297 6309

1
6310 6324

1
6325 6335

1
6336 6345

1
6346 6355

1
6356 6365

1
6366 6375

1
6376 6386

1
6387 6399

1
6400 6409

1
6410 6419

1
6420 6429

1
6430 6445

1
6446 6455

1
6456 6473

1
6474 6483

1
6484 6494

1
6495 6510

1
6511 6525

1
6526 6540

1
6541 6550

1
6551 6564

1
6565 6576

1
6577 6589

1
6590 6599

1
6600 6611

1
6612 6624

1
6625 6635

1
6636 6645

1
6646 6658

1
6659 6670

1
6671 6681

1
6682 6691

1
6692 6702

1
6703 6712

1
6713 6722

1
6723 6739

1
6740 6753

1
6754 6763

1
6764 6773

1
6774 6788

1
6789 6798

1
6799 6808

1
6809 6820

1
6821 6830

1
6831 6840

1
6841 6854

1
6855 6866

1
6867 6876

1
6877 6887

1
6888 6900

1
6901 6910

1
6911 6920

1
6921 6936

1
6937 6956

1
6957 6969

1
6970 6985

1
6986 7003

1
7004 7013

1
7014 7023

1
7024 7036

1
7037 7049

1
7050 7059

125
0 1
1 2
2 3
3 4
4 5
5 6
6 7
7 8
8 9
9 10
10 11
11 12
12 13
13 14
14 15
15 16
16 17
17 18
18 19
19 20
20 21
21 22
22 23
23 24
24 25
25 26
26 27
27 28
28 29
29 30
30 31
31 32
32 33
33 34
34 35
35 36
36 37
37 38
38 39
39 40
40 41
41 42
42 43
43 44
44 45
45 46
46 47
47 48
48 49
49 50
50 51
51 52
52 53
53 54
54 55
55 56
56 57
57 58
58 59
59 60
60 61
61 62
62 63
63 64
64 65
65 66
66 67
67 68
68 69
69 70
70 71
71 72
72 73
73 74
74 75
75 76
76 77
77 78
78 79
79 80
80 81
81 82
82 83
83 84
84 85
85 86
86 87
87 88
88 89
89 90
90 91
91 92
92 93
93 94
94 95
95 96
96 97
97 98
98 99
99 100
100 101
101 102
102 103
103 104
104 105
105 106
106 107
107 108
108 109
109 110
110 111
111 112
112 113
113 114
114 115
115 116
116 117
117 118
118 119
119 120
120 121
121 122
122 123
123 124
124 0

0
