94
1
4565 4575

1
4576 4586

1
4587 4596

1
4597 4608

1
4609 4620

1
4621 4639

1
4640 4653

1
4654 4669

1
4670 4685

1
4686 4701

1
4702 4718

1
4719 4735

1
4736 4751

1
4752 4766

1
4767 4784

1
4785 4799

1
4800 4816

1
4817 4829

1
4830 4839

1
4840 4849

1
4850 4861

1
4862 4880

1
4881 4890

1
4891 4905

1
4906 4918

1
4919 4929

1
4930 4945

1
4946 4959

1
4960 4969

1
4970 4979

1
4980 4998

1
4999 5012

1
5013 5026

1
5027 5040

1
5041 5061

1
5062 5072

1
5073 5082

1
5083 5092

1
5093 5113

1
5114 5123

1
5124 5133

1
5134 5143

1
5144 5154

1
5155 5171

1
3899 3908

1
3909 3918

1
3919 3933

1
3934 3950

1
3951 3965

1
3966 3975

1
3976 3989

1
3990 3999

1
4000 4014

1
4015 4024

1
4025 4035

1
4036 4047

1
4048 4057

1
4058 4067

1
4068 4077

1
4078 4092

1
4093 4102

1
4103 4112

1
4113 4126

1
4127 4136

1
4137 4150

1
4151 4160

1
4161 4179

1
4180 4189

1
4190 4207

1
4208 4218

1
4219 4230

1
4231 4243

1
4244 4263

1
4264 4273

1
4274 4284

1
4285 4295

1
4296 4311

1
4312 4327

1
4328 4343

1
4344 4353

1
4354 4363

1
4364 4375

1
4376 4391

1
4392 4406

1
4407 4430

1
4431 4443

1
4444 4457

1
4458 4474

1
4475 4490

1
4491 4504

1
4505 4521

1
4522 4536

1
4537 4546

1
4547 4564

94
0 1
1 2
2 3
3 4
4 5
5 6
6 7
7 8
8 9
9 10
10 11
11 12
12 13
13 14
14 15
15 16
16 17
17 18
18 19
19 20
20 21
21 22
22 23
23 24
24 25
25 26
26 27
27 28
28 29
29 30
30 31
31 32
32 33
33 34
34 35
35 36
36 37
37 38
38 39
39 40
40 41
41 42
42 43
43 44
44 45
45 46
46 47
47 48
48 49
49 50
50 51
51 52
52 53
53 54
54 55
55 56
56 57
57 58
58 59
59 60
60 61
61 62
62 63
63 64
64 65
65 66
66 67
67 68
68 69
69 70
70 71
71 72
72 73
73 74
74 75
75 76
76 77
77 78
78 79
79 80
80 81
81 82
82 83
83 84
84 85
85 86
86 87
87 88
88 89
89 90
90 91
91 92
92 93
93 0

0
