51
1
2921 2932

1
2933 2947

1
2948 2961

1
2962 2974

1
2975 2984

1
2985 3001

1
3002 3012

1
3013 3023

1
3024 3039

1
3040 3053

1
3054 3063

1
3064 3080

1
3081 3094

1
3095 3104

1
3105 3114

1
3115 3125

1
3126 3139

1
3140 3149

1
3150 3160

1
3161 3174

1
3175 3192

1
3193 3207

1
3208 3217

1
3218 3231

1
3232 3242

1
3243 3252

1
3253 3265

1
3266 3275

1
3276 3290

1
3291 3300

1
3301 3314

1
3315 3326

1
3327 3340

1
3341 3350

1
3351 3365

1
3366 3378

1
3379 3401

1
3402 3417

1
3418 3430

1
3431 3444

1
3445 3454

1
3455 3464

1
3465 3481

1
3482 3499

1
3500 3518

1
3519 3529

1
3530 3539

1
3540 3549

1
3550 3559

1
3560 3569

1
3570 3579

51
0 1
1 2
2 3
3 4
4 5
5 6
6 7
7 8
8 9
9 10
10 11
11 12
12 13
13 14
14 15
15 16
16 17
17 18
18 19
19 20
20 21
21 22
22 23
23 24
24 25
25 26
26 27
27 28
28 29
29 30
30 31
31 32
32 33
33 34
34 35
35 36
36 37
37 38
38 39
39 40
40 41
41 42
42 43
43 44
44 45
45 46
46 47
47 48
48 49
49 50
50 0

0
