645
1
3851 3861

1
3862 3874

1
4565 4575

1
5198 5211

1
8253 8266

1
8267 8281

1
8282 8291

1
8292 8301

1
8302 8314

1
8038 8052

1
8315 8324

1
8325 8334

1
8335 8346

1
8347 8356

1
8357 8368

1
8435 8445

1
8446 8455

1
8456 8472

1
8473 8490

1
8541 8551

1
8491 8508

1
8509 8518

1
8519 8528

1
8529 8540

1
8380 8397

1
8398 8411

1
8412 8421

1
8422 8434

1
8369 8379

1
8053 8062

1
8063 8072

1
8073 8087

1
8088 8104

1
8105 8120

1
8121 8136

1
8137 8153

1
8154 8163

1
8164 8173

1
8552 8562

1
8563 8577

1
8578 8592

1
8593 8602

1
8603 8612

1
8627 8644

1
8613 8626

1
8174 8186

1
8187 8201

1
8645 8661

1
8202 8217

1
8218 8227

1
8228 8240

1
8241 8252

1
7991 8002

1
8003 8020

1
8021 8037

1
7981 7990

1
7531 7543

1
7544 7559

1
7560 7578

1
7579 7591

1
7592 7611

1
7612 7627

1
7628 7641

1
7642 7660

1
7661 7672

1
7673 7682

1
7683 7692

1
7693 7708

1
7709 7726

1
7727 7740

1
7741 7752

1
7753 7764

1
7765 7774

1
7775 7790

1
7791 7806

1
7807 7821

1
7822 7833

1
7834 7843

1
7844 7856

1
7857 7872

1
7873 7882

1
7883 7893

1
7894 7904

1
7905 7921

1
7922 7936

1
7937 7954

1
7955 7968

1
7969 7980

1
7519 7530

1
7497 7508

1
7509 7518

1
7060 7069

1
7070 7082

1
7083 7093

1
7094 7103

1
7104 7117

1
7118 7134

1
7135 7151

1
7152 7167

1
7168 7181

1
7182 7191

1
7192 7201

1
7202 7216

1
7217 7233

1
7234 7249

1
7250 7259

1
7260 7269

1
7270 7283

1
7284 7297

1
7298 7308

1
7309 7319

1
7320 7332

1
7333 7351

1
7352 7364

1
7365 7374

1
7375 7385

1
7386 7395

1
7396 7405

1
7406 7416

1
7417 7427

1
7428 7437

1
7438 7447

1
7448 7462

1
7463 7478

1
7479 7496

1
7037 7049

1
7050 7059

1
5212 5226

1
5227 5236

1
5237 5254

1
5255 5267

1
5268 5279

1
5280 5291

1
5292 5321

1
5322 5332

1
5333 5346

1
5347 5359

1
5360 5387

1
5388 5398

1
5399 5409

1
5410 5427

1
5428 5437

1
5438 5447

1
5448 5462

1
5463 5477

1
5478 5487

1
5488 5499

1
5500 5512

1
5513 5525

1
5526 5539

1
5540 5549

1
5550 5559

1
5560 5569

1
5570 5579

1
5580 5590

1
5591 5603

1
5604 5617

1
5618 5627

1
5628 5639

1
5640 5650

1
5651 5660

1
5661 5672

1
5673 5688

1
5689 5698

1
5699 5708

1
5709 5719

1
5720 5735

1
5736 5749

1
5750 5768

1
5769 5781

1
5782 5793

1
5794 5803

1
5804 5813

1
5814 5824

1
5825 5835

1
5836 5846

1
5847 5856

1
5857 5867

1
5868 5878

1
5879 5888

1
5889 5898

1
5899 5912

1
5913 5922

1
5923 5935

1
5936 5947

1
5948 5958

1
5959 5968

1
5969 5978

1
5979 5988

1
5989 5999

1
6000 6011

1
6012 6030

1
6031 6047

1
6048 6061

1
6062 6075

1
6076 6088

1
6089 6100

1
6101 6115

1
6116 6125

1
6126 6146

1
6147 6164

1
6165 6176

1
6177 6192

1
6193 6218

1
6219 6231

1
6232 6242

1
6243 6252

1
6253 6274

1
6275 6284

1
6285 6296

1
6297 6309

1
6310 6324

1
6325 6335

1
6336 6345

1
6346 6355

1
6356 6365

1
6366 6375

1
6376 6386

1
6387 6399

1
6400 6409

1
6410 6419

1
6420 6429

1
6430 6445

1
6446 6455

1
6456 6473

1
6474 6483

1
6484 6494

1
6495 6510

1
6511 6525

1
6526 6540

1
6541 6550

1
6551 6564

1
6565 6576

1
6577 6589

1
6590 6599

1
6600 6611

1
6612 6624

1
6625 6635

1
6636 6645

1
6646 6658

1
6659 6670

1
6671 6681

1
6682 6691

1
6692 6702

1
6703 6712

1
6713 6722

1
6723 6739

1
6740 6753

1
6754 6763

1
6764 6773

1
6774 6788

1
6789 6798

1
6799 6808

1
6809 6820

1
6821 6830

1
6831 6840

1
6841 6854

1
6855 6866

1
6867 6876

1
6877 6887

1
6888 6900

1
6901 6910

1
6911 6920

1
6921 6936

1
6937 6956

1
6957 6969

1
6970 6985

1
6986 7003

1
7004 7013

1
7014 7023

1
7024 7036

1
4576 4586

1
4587 4596

1
4597 4608

1
4609 4620

1
4621 4639

1
4640 4653

1
4654 4669

1
4670 4685

1
4686 4701

1
4702 4718

1
4719 4735

1
4736 4751

1
4752 4766

1
4767 4784

1
4785 4799

1
4800 4816

1
4817 4829

1
4830 4839

1
4840 4849

1
4850 4861

1
4862 4880

1
4881 4890

1
4891 4905

1
4906 4918

1
4919 4929

1
4930 4945

1
4946 4959

1
4960 4969

1
4970 4979

1
4980 4998

1
4999 5012

1
5013 5026

1
5027 5040

1
5041 5061

1
5062 5072

1
5073 5082

1
5083 5092

1
5093 5113

1
5114 5123

1
5124 5133

1
5134 5143

1
5144 5154

1
5155 5171

1
5172 5187

1
5188 5197

1
4161 4179

1
4180 4189

1
4190 4207

1
4208 4218

1
4219 4230

1
4231 4243

1
4244 4263

1
4264 4273

1
4274 4284

1
4285 4295

1
4296 4311

1
4312 4327

1
4328 4343

1
4344 4353

1
4354 4363

1
4364 4375

1
4376 4391

1
4392 4406

1
4407 4430

1
4431 4443

1
4444 4457

1
4458 4474

1
4475 4490

1
4491 4504

1
4505 4521

1
4522 4536

1
4537 4546

1
4547 4564

1
3875 3884

1
3885 3898

1
3899 3908

1
3909 3918

1
3919 3933

1
3934 3950

1
3951 3965

1
3966 3975

1
3976 3989

1
3990 3999

1
4000 4014

1
4015 4024

1
4025 4035

1
4036 4047

1
4048 4057

1
4058 4067

1
4068 4077

1
4078 4092

1
4093 4102

1
4103 4112

1
4113 4126

1
4127 4136

1
4137 4150

1
4151 4160

1
3834 3850

1
2867 2884

1
2885 2900

1
2901 2910

1
2911 2920

1
2921 2932

1
2933 2947

1
2948 2961

1
2962 2974

1
2975 2984

1
2985 3001

1
3002 3012

1
3013 3023

1
3024 3039

1
3040 3053

1
3054 3063

1
3064 3080

1
3081 3094

1
3095 3104

1
3105 3114

1
3115 3125

1
3126 3139

1
3140 3149

1
3150 3160

1
3161 3174

1
3175 3192

1
3193 3207

1
3208 3217

1
3218 3231

1
3232 3242

1
3243 3252

1
3253 3265

1
3266 3275

1
3276 3290

1
3291 3300

1
3301 3314

1
3315 3326

1
3327 3340

1
3341 3350

1
3351 3365

1
3366 3378

1
3379 3401

1
3402 3417

1
3418 3430

1
3431 3444

1
3445 3454

1
3455 3464

1
3465 3481

1
3482 3499

1
3500 3518

1
3519 3529

1
3530 3539

1
3540 3549

1
3550 3559

1
3560 3569

1
3570 3579

1
3580 3592

1
3593 3605

1
3606 3619

1
3620 3630

1
3631 3644

1
3645 3655

1
3656 3697

1
3698 3707

1
3708 3726

1
3727 3743

1
3744 3757

1
3758 3775

1
3776 3796

1
3797 3810

1
3811 3820

1
3821 3833

1
2830 2839

1
2840 2850

1
2851 2866

1
914 923

1
924 934

1
935 944

1
945 954

1
955 975

1
976 990

1
991 1001

1
1002 1011

1
1012 1027

1
1028 1039

1
1040 1049

1
1050 1060

1
1061 1073

1
1074 1091

1
1092 1107

1
1108 1117

1
1118 1130

1
1131 1145

1
1146 1166

1
1167 1182

1
1183 1198

1
1199 1208

1
1209 1223

1
1224 1233

1
1234 1244

1
1245 1255

1
1256 1265

1
1266 1288

1
1289 1305

1
1306 1324

1
1325 1342

1
1343 1358

1
1359 1376

1
1377 1396

1
1397 1415

1
1416 1432

1
1433 1447

1
1448 1461

1
1462 1471

1
1472 1482

1
1483 1495

1
1496 1505

1
1506 1518

1
1519 1530

1
1531 1540

1
1541 1551

1
1552 1569

1
1570 1587

1
1588 1610

1
1611 1623

1
1624 1645

1
1646 1657

1
1658 1669

1
1670 1680

1
1681 1694

1
1695 1713

1
1714 1725

1
1726 1735

1
1736 1748

1
1749 1763

1
1764 1773

1
1774 1790

1
1791 1800

1
1801 1813

1
1814 1823

1
1824 1833

1
1834 1843

1
1844 1854

1
1855 1869

1
1870 1883

1
1884 1893

1
1894 1904

1
1905 1919

1
1920 1934

1
1935 1949

1
1950 1959

1
1960 1970

1
1971 1980

1
1981 1992

1
1993 2007

1
2008 2017

1
2018 2033

1
2034 2043

1
2044 2053

1
2054 2067

1
2068 2080

1
2081 2098

1
2099 2111

1
2112 2121

1
2122 2131

1
2132 2148

1
2149 2166

1
2167 2178

1
2179 2189

1
2190 2199

1
2200 2211

1
2212 2221

1
2222 2234

1
2235 2250

1
2251 2268

1
2269 2278

1
2279 2294

1
2295 2306

1
2307 2320

1
2321 2341

1
2342 2353

1
2354 2364

1
2365 2380

1
2381 2390

1
2391 2400

1
2401 2411

1
2412 2429

1
2430 2447

1
2448 2461

1
2462 2473

1
2474 2485

1
2486 2497

1
2498 2507

1
2508 2517

1
2518 2527

1
2528 2538

1
2539 2550

1
2551 2570

1
2571 2588

1
2589 2604

1
2605 2622

1
2623 2637

1
2638 2656

1
2657 2676

1
2677 2689

1
2690 2699

1
2700 2722

1
2723 2732

1
2733 2744

1
2745 2757

1
2758 2781

1
2782 2796

1
2797 2815

1
2816 2829

1
858 872

1
873 882

1
883 892

1
893 903

1
904 913

1
819 838

1
839 857

1
770 818

1
743 769

1
727 742

1
715 726

1
11 24

1
25 37

1
38 47

1
48 57

1
58 73

1
74 87

1
88 98

1
99 108

1
109 124

1
125 134

1
135 148

1
149 161

1
162 181

1
182 191

1
192 201

1
202 211

1
212 221

1
222 233

1
234 243

1
244 253

1
254 263

1
264 288

1
289 298

1
299 310

1
311 327

1
328 344

1
345 356

1
357 369

1
370 383

1
384 393

1
394 406

1
407 427

1
428 445

1
446 455

1
456 471

1
472 485

1
486 496

1
497 514

1
515 527

1
528 553

1
554 569

1
570 600

1
601 618

1
619 634

1
635 649

1
650 660

1
661 670

1
671 681

1
682 691

1
692 704

1
705 714

1
0 10

2634
0 1
0 369
0 372
0 441
0 443
0 589
0 590
0 591
0 593
0 644
1 344
2 271
3 127
3 344
4 5
4 60
4 103
5 4
5 6
5 52
5 53
5 92
5 97
5 218
5 223
5 230
5 277
6 7
6 362
6 608
7 8
7 143
7 236
8 9
8 10
8 29
8 31
8 34
8 95
8 96
8 98
8 154
8 155
8 156
8 220
8 221
8 222
8 278
8 313
8 345
8 625
9 29
9 96
9 104
9 212
9 220
9 233
9 313
9 345
10 11
11 12
11 48
11 614
12 13
12 49
12 57
12 58
12 100
12 105
12 310
12 474
12 568
12 598
12 636
13 14
14 28
14 232
14 270
14 358
15 16
15 69
15 244
16 17
16 82
16 245
17 18
18 20
18 101
18 316
18 428
18 563
18 615
19 20
19 38
19 101
19 536
20 21
20 388
20 402
20 481
20 513
20 518
20 586
20 595
21 22
21 309
21 376
22 23
22 309
22 376
22 418
22 518
23 19
23 21
23 24
23 49
23 402
23 481
24 25
24 156
24 625
25 26
25 202
25 510
26 27
27 15
27 28
27 54
27 251
27 517
28 10
28 24
28 29
28 31
28 34
28 35
28 155
28 625
29 30
29 94
29 252
29 347
30 31
30 65
30 95
30 96
30 98
30 124
30 155
30 156
30 220
30 278
31 32
31 212
32 33
32 123
33 29
33 34
33 95
33 96
33 104
33 154
33 155
33 212
33 220
33 278
33 313
33 345
34 35
34 156
35 32
35 36
36 37
36 55
36 355
37 33
37 45
37 281
37 285
37 327
38 39
39 40
39 372
39 442
39 443
39 569
39 582
39 587
39 588
39 589
39 593
39 644
40 41
40 63
40 276
40 322
40 371
40 383
40 445
40 552
40 570
40 601
41 42
41 232
41 584
42 44
42 57
42 104
42 310
43 44
43 46
43 47
43 85
43 86
43 95
43 96
43 98
43 124
43 154
43 155
43 156
43 213
43 214
43 215
43 216
43 218
43 220
43 222
43 224
43 269
43 278
43 280
43 284
43 350
43 357
43 366
43 565
43 609
43 612
44 43
44 45
44 97
44 102
44 144
44 279
44 281
44 285
44 312
44 355
45 46
45 278
45 280
45 342
45 350
45 609
45 612
46 35
46 48
46 95
46 98
46 154
46 155
46 156
46 250
46 280
46 614
47 48
47 98
47 156
47 280
48 49
48 53
48 62
48 97
48 100
48 541
48 598
48 599
48 636
48 637
49 50
49 107
50 51
51 4
51 52
51 53
51 55
51 59
51 86
51 92
51 97
51 102
51 153
51 213
51 215
51 216
51 217
51 218
51 223
51 355
51 356
51 588
52 53
52 57
52 86
52 95
52 97
52 104
52 153
52 212
52 213
52 214
52 215
52 216
52 217
52 218
52 223
52 224
52 232
52 237
52 277
52 281
52 310
52 356
52 535
52 541
52 637
53 54
53 85
53 96
53 98
53 124
53 153
53 154
53 155
53 156
53 213
53 214
53 215
53 216
53 217
53 218
53 222
53 224
53 251
53 358
54 9
54 55
54 79
54 85
54 86
54 95
54 124
54 151
54 152
54 154
54 155
54 156
54 212
54 213
54 219
54 220
54 221
54 222
54 224
54 232
54 233
54 253
54 344
54 353
54 358
55 52
55 56
55 61
55 84
55 86
55 89
55 92
55 95
55 97
55 125
55 150
55 191
55 218
55 219
55 221
55 223
55 232
55 233
55 236
55 253
55 256
55 258
55 268
55 274
55 356
55 365
55 541
55 562
55 637
56 57
56 95
56 96
56 104
56 153
56 214
56 215
56 216
56 217
56 218
56 237
56 257
56 275
56 310
56 541
56 637
57 58
57 100
57 105
57 275
57 637
58 56
58 59
58 92
58 256
58 345
58 417
58 473
58 562
59 60
59 103
60 56
60 61
60 92
60 95
60 104
60 223
60 256
60 258
60 313
60 345
60 415
60 562
61 62
61 370
61 378
61 480
61 571
61 598
61 636
61 637
62 63
62 276
62 322
62 371
62 383
62 445
62 463
62 471
62 475
62 570
62 601
63 64
64 65
64 94
64 221
64 252
64 309
64 324
64 347
65 66
65 98
65 259
65 314
65 366
66 67
66 99
66 367
66 411
66 416
67 66
67 68
67 232
67 270
67 347
67 517
68 69
68 125
68 244
68 253
69 70
69 90
69 126
69 234
69 265
69 354
70 61
70 69
70 71
70 104
70 258
70 562
71 72
71 115
71 146
71 180
71 209
71 219
71 294
72 73
72 116
72 147
72 181
72 190
72 210
72 295
72 512
73 74
73 233
73 252
74 66
74 75
74 154
74 214
74 215
74 216
74 217
74 269
74 536
75 71
75 76
75 145
75 179
75 266
76 72
76 77
76 115
76 146
76 180
76 209
76 219
76 224
77 73
77 78
77 116
77 147
77 181
77 267
77 295
78 74
78 79
78 112
78 191
78 253
79 80
80 81
80 232
80 253
81 82
81 121
81 245
81 262
82 83
82 111
82 167
82 172
82 246
82 333
82 337
82 341
83 56
83 84
83 89
83 92
83 112
83 125
83 191
83 233
83 253
83 256
83 268
84 85
84 95
84 96
84 98
84 124
84 151
84 153
84 154
84 155
84 156
84 213
84 214
84 215
84 216
84 217
84 218
84 220
84 222
84 224
84 280
84 347
84 358
85 69
85 84
85 86
85 92
85 95
85 96
85 97
85 125
85 151
85 153
85 154
85 155
85 212
85 213
85 215
85 216
85 217
85 218
85 219
85 220
85 221
85 222
85 223
85 224
85 233
85 253
85 256
85 268
85 353
85 356
86 70
86 87
86 90
86 126
86 153
86 213
86 214
86 215
86 216
86 217
86 222
86 234
86 254
86 326
86 354
87 55
87 88
87 91
87 92
87 127
87 130
87 143
87 151
87 154
87 191
87 219
87 235
87 236
87 255
87 273
87 344
88 56
88 89
88 92
88 125
88 233
88 236
88 253
88 256
88 353
88 423
89 90
89 126
89 214
89 234
89 254
89 272
89 326
89 354
90 88
90 91
90 219
90 235
90 255
90 273
90 344
91 92
91 223
91 236
91 256
91 473
92 93
93 94
93 221
93 232
93 237
93 252
93 270
93 347
93 352
93 356
93 359
94 95
94 153
94 154
94 155
94 156
94 212
94 213
94 215
94 216
94 217
94 218
94 220
94 221
94 222
94 232
94 233
94 237
94 253
94 278
94 280
94 353
95 96
95 151
95 153
95 154
95 155
95 156
95 212
95 213
95 214
95 215
95 216
95 217
95 218
95 220
95 222
95 233
95 269
95 278
95 280
95 345
95 347
95 435
95 518
95 612
95 625
96 92
96 97
96 150
96 153
96 213
96 214
96 215
96 216
96 217
96 218
96 223
96 230
96 279
96 281
96 283
96 285
96 348
96 355
96 356
96 458
96 541
96 568
96 598
96 637
97 95
97 96
97 98
97 153
97 154
97 155
97 156
97 216
97 218
97 220
97 221
97 222
97 237
97 269
97 278
97 280
97 284
97 347
97 554
97 612
97 614
98 97
98 99
98 230
98 279
98 281
98 283
98 321
98 348
98 367
98 416
98 479
98 560
98 598
98 607
99 100
99 275
99 370
99 429
99 517
99 564
99 587
99 588
99 598
100 101
100 154
100 222
100 269
100 536
100 554
101 97
101 102
101 230
101 281
102 103
103 95
103 104
103 220
103 313
103 345
104 100
104 105
104 232
104 270
104 275
105 106
106 107
107 108
107 192
107 260
108 109
108 188
108 286
108 298
108 332
108 456
109 110
109 133
109 189
109 245
109 262
109 289
110 111
110 162
110 172
110 190
110 246
110 263
110 290
110 341
110 498
111 112
111 191
111 253
111 256
111 334
112 113
112 265
113 114
113 179
113 266
114 115
114 146
114 209
115 116
115 147
115 181
115 210
116 117
116 168
116 182
116 291
117 118
117 158
117 183
117 226
118 119
118 144
118 159
118 227
119 109
119 120
119 160
119 188
119 261
119 286
119 298
119 332
119 456
120 121
120 133
120 161
120 189
120 245
120 262
120 289
121 111
121 122
121 162
121 190
121 246
121 263
121 290
121 333
121 337
121 341
121 457
121 534
122 123
122 230
123 95
123 98
123 124
123 151
123 154
123 156
123 269
123 278
123 280
123 284
124 89
124 125
124 233
124 253
124 256
124 268
124 271
124 353
125 126
125 214
125 234
125 254
125 272
125 326
125 354
126 91
126 127
126 154
126 191
126 219
126 235
126 236
126 255
126 273
126 344
127 128
128 129
129 130
130 131
131 132
131 456
132 133
132 289
133 134
134 135
135 136
136 137
137 138
138 139
139 140
140 141
141 142
142 143
142 458
143 144
144 145
145 146
145 294
146 147
146 512
147 148
147 366
148 149
149 150
150 151
151 152
152 153
152 310
152 541
152 637
153 146
153 151
153 152
153 154
153 278
153 280
153 344
153 347
153 352
153 353
153 429
153 612
154 153
154 155
154 278
154 280
154 313
154 345
154 353
154 518
154 612
154 625
155 154
155 156
155 278
155 625
156 157
156 327
156 329
157 158
157 280
158 159
159 160
160 161
160 289
161 162
161 290
161 333
161 337
161 341
161 498
162 163
162 338
163 164
164 165
165 166
166 167
166 333
166 337
166 341
166 457
166 618
167 168
168 169
169 170
170 171
171 167
171 172
172 173
173 174
174 175
175 176
176 175
176 177
177 178
178 145
178 179
179 146
179 180
179 294
180 147
180 181
180 512
181 168
181 173
181 182
182 158
182 169
182 183
182 454
183 159
183 184
184 185
185 134
185 186
186 187
187 160
187 188
187 298
187 456
188 161
188 189
188 289
188 497
189 162
189 167
189 172
189 190
189 290
189 333
189 341
189 457
189 498
189 534
190 191
191 184
191 192
192 193
193 194
194 195
195 196
196 197
196 297
197 198
197 340
198 133
198 171
198 199
199 163
199 164
199 168
199 182
199 200
199 291
199 338
199 458
200 201
201 202
202 137
202 203
203 204
204 205
205 166
205 206
206 189
206 207
207 202
207 208
208 146
208 209
208 294
209 147
209 181
209 210
209 512
210 148
210 211
211 149
211 150
211 151
211 153
211 154
211 212
211 277
211 278
212 150
212 151
212 153
212 154
212 155
212 213
212 435
212 592
213 153
213 212
213 214
213 310
213 568
214 153
214 154
214 155
214 212
214 213
214 215
214 590
214 592
214 593
215 151
215 153
215 154
215 155
215 212
215 213
215 214
215 216
215 280
215 310
215 435
215 541
215 587
215 590
215 592
215 593
215 612
215 644
216 151
216 153
216 154
216 155
216 212
216 213
216 214
216 215
216 217
216 280
216 356
216 541
217 151
217 153
217 154
217 212
217 213
217 214
217 215
217 216
217 218
217 277
217 280
217 281
217 356
217 435
217 541
217 587
218 146
218 151
218 152
218 154
218 213
218 216
218 219
218 344
218 356
219 151
219 152
219 153
219 154
219 155
219 156
219 212
219 213
219 215
219 216
219 218
219 220
219 278
219 280
219 313
219 345
219 353
219 435
219 542
219 625
220 151
220 153
220 154
220 155
220 156
220 212
220 213
220 214
220 215
220 216
220 217
220 218
220 219
220 221
220 278
220 280
220 307
220 344
220 347
220 352
220 356
220 538
221 151
221 153
221 154
221 155
221 156
221 213
221 214
221 215
221 216
221 217
221 218
221 219
221 220
221 222
221 278
221 280
221 342
221 435
221 609
221 612
222 151
222 152
222 153
222 217
222 218
222 223
222 277
222 541
223 151
223 153
223 154
223 213
223 214
223 215
223 216
223 217
223 218
223 219
223 220
223 221
223 222
223 224
223 612
224 173
224 182
224 225
224 327
224 329
225 158
225 183
225 226
226 159
226 184
226 227
227 188
227 228
227 303
228 229
228 304
228 337
228 407
229 230
229 277
229 281
230 151
230 154
230 218
230 224
230 231
231 148
231 218
231 221
231 232
231 278
231 347
231 352
231 356
231 541
231 637
232 154
232 155
232 156
232 212
232 219
232 220
232 222
232 233
232 325
232 353
233 234
233 272
233 326
233 354
234 127
234 219
234 235
234 273
234 344
235 143
235 191
235 219
235 223
235 233
235 236
235 277
235 334
236 148
236 153
236 155
236 156
236 213
236 214
236 215
236 216
236 217
236 218
236 221
236 222
236 223
236 224
236 232
236 233
236 237
236 278
236 280
236 310
236 347
236 356
236 541
236 568
236 637
237 182
237 225
237 238
237 327
237 329
238 156
238 174
238 204
238 226
238 239
239 240
240 241
241 177
241 242
241 562
242 177
242 178
242 243
243 140
243 179
243 244
243 456
244 154
244 161
244 189
244 245
244 289
245 162
245 167
245 172
245 190
245 246
245 333
245 337
245 341
245 457
246 168
246 182
246 247
247 169
247 248
248 249
249 250
250 251
251 232
251 252
251 347
251 359
252 232
252 233
252 253
252 325
252 353
253 153
253 213
253 214
253 215
253 216
253 217
253 218
253 221
253 222
253 224
253 234
253 254
253 326
253 354
253 364
253 612
254 127
254 143
254 154
254 219
254 235
254 236
254 255
254 273
254 344
255 223
255 233
255 236
255 253
255 256
255 423
255 473
256 232
256 237
256 251
256 257
256 310
256 568
257 182
257 223
257 225
257 238
257 258
257 329
258 183
258 259
259 159
259 184
259 192
259 260
260 160
260 261
261 133
261 161
261 189
261 245
261 262
261 289
262 162
262 190
262 263
262 290
262 304
262 333
262 337
262 341
262 457
262 491
263 264
263 334
264 265
265 202
265 266
266 203
266 267
267 253
267 268
268 151
268 154
268 222
268 224
268 231
268 269
268 342
268 344
268 536
269 148
269 232
269 237
269 257
269 270
270 125
270 233
270 253
270 256
270 268
270 271
270 325
270 353
271 272
271 354
272 273
272 344
273 274
273 355
274 275
274 541
275 276
275 322
275 371
275 383
275 445
275 463
275 471
275 475
275 565
275 570
275 601
275 627
276 277
277 278
278 279
278 348
278 355
278 458
279 278
279 280
279 350
279 366
279 542
279 612
280 279
280 281
280 348
280 355
280 474
280 541
280 568
281 282
282 279
282 281
282 283
283 278
283 280
283 284
284 279
284 281
284 283
284 285
284 355
285 286
285 456
286 287
286 458
287 288
287 332
288 289
288 623
289 290
289 333
289 341
289 498
290 291
290 334
291 292
292 293
293 294
293 511
294 295
295 296
296 297
296 455
297 298
298 299
299 300
299 437
300 301
301 302
302 288
302 303
302 548
303 304
303 333
303 337
303 491
303 550
303 618
304 305
305 306
305 351
305 355
305 434
305 472
305 626
306 307
306 347
306 352
306 425
306 545
307 308
307 367
308 309
308 376
309 310
309 474
309 535
309 541
310 311
310 344
310 536
311 312
312 313
312 345
313 314
313 346
313 366
313 614
314 279
314 281
314 285
314 315
314 348
314 355
314 474
315 3
315 316
315 373
315 390
315 424
315 615
316 317
317 318
317 378
317 381
317 385
317 572
317 578
317 584
317 588
317 596
318 319
318 546
319 320
320 321
320 598
320 607
321 322
321 371
321 372
321 383
321 441
321 445
321 446
321 463
321 471
321 475
321 570
321 587
321 589
321 591
321 601
321 644
322 323
322 351
322 543
323 324
324 325
324 353
324 375
325 326
325 354
325 364
325 376
325 612
326 327
327 328
327 612
328 329
329 330
330 331
330 455
331 332
331 456
332 333
332 457
332 618
333 334
334 335
335 336
336 333
336 337
336 406
336 470
336 549
336 550
337 338
338 339
339 340
340 333
340 337
340 341
340 457
341 342
341 435
341 542
341 612
342 343
343 2
343 344
343 352
343 603
344 345
344 595
344 638
345 346
346 347
346 545
346 613
347 348
347 474
347 598
347 607
348 349
349 350
349 542
349 612
350 351
351 347
351 352
352 353
353 354
354 355
354 373
354 568
355 356
355 541
356 357
356 612
357 358
358 356
358 359
359 360
360 361
361 362
361 459
361 536
362 363
363 364
364 355
364 356
364 365
365 366
366 348
366 367
366 479
366 560
366 598
367 316
367 368
367 380
367 424
367 524
367 615
368 0
368 369
368 372
368 441
368 442
368 443
368 587
368 589
368 590
368 591
368 592
368 593
368 598
368 644
369 370
369 443
369 480
369 481
369 517
369 564
369 571
369 572
369 582
369 584
369 587
369 588
369 589
369 590
369 594
369 598
369 600
369 610
369 636
369 637
369 644
370 369
370 371
370 441
370 445
370 463
370 471
370 475
370 518
370 570
370 583
370 586
370 587
370 589
370 593
370 595
370 601
370 625
370 644
371 372
371 443
371 446
371 519
371 582
371 589
372 373
372 447
372 464
372 465
372 472
372 500
372 520
372 578
372 588
372 615
372 626
373 370
373 372
373 374
373 443
373 446
373 501
373 553
373 572
373 582
373 587
373 588
373 589
373 594
373 596
373 627
374 375
374 481
374 482
374 522
374 582
374 588
374 595
374 628
375 376
375 449
375 523
375 557
375 629
376 377
376 524
376 630
377 370
377 378
377 451
377 480
377 574
377 588
377 594
378 379
378 449
379 380
379 594
380 378
380 381
380 574
380 584
380 588
381 375
381 382
381 582
381 584
381 588
381 628
382 371
382 383
382 441
382 445
382 463
382 471
382 475
382 518
382 570
382 587
382 589
382 593
382 595
382 601
382 625
382 644
383 370
383 372
383 374
383 384
383 443
383 446
383 519
383 589
384 370
384 374
384 385
384 501
384 521
384 545
384 553
384 572
384 594
384 596
384 603
384 627
385 380
385 386
385 573
386 387
386 449
386 503
386 523
386 557
386 605
387 377
387 388
387 558
387 630
388 389
388 477
388 556
388 606
389 373
389 390
389 447
389 464
389 472
389 500
389 615
390 391
390 544
391 392
391 597
392 393
392 489
392 555
393 394
394 395
395 396
395 481
396 397
396 454
396 620
397 398
398 399
398 496
399 400
399 497
400 401
400 534
401 402
402 403
403 404
404 405
405 406
406 407
406 462
406 534
407 408
407 519
408 373
408 409
408 472
408 500
408 520
408 543
408 615
408 626
409 410
410 390
410 411
411 412
411 556
412 413
413 414
413 532
414 415
414 481
414 560
414 580
414 595
415 416
415 547
415 568
416 371
416 394
416 412
416 415
416 417
416 473
416 569
416 595
417 376
417 418
418 419
419 420
420 379
420 387
420 421
420 449
420 503
420 523
420 605
421 377
421 388
421 422
421 558
421 630
422 389
422 402
422 419
422 423
422 477
422 530
422 556
422 606
423 373
423 390
423 424
423 465
423 472
423 500
423 543
423 615
424 391
424 411
424 425
424 544
424 545
424 553
424 596
425 375
425 426
425 628
426 376
426 427
426 449
426 523
426 557
426 589
426 629
427 377
427 388
427 422
427 428
427 558
427 563
427 599
427 630
427 636
428 370
428 429
428 441
428 445
428 517
428 581
428 587
428 588
428 590
428 594
428 599
428 636
429 430
430 431
431 432
432 433
433 434
433 637
434 435
434 518
434 542
435 409
435 436
435 500
435 543
435 588
435 599
435 615
435 626
436 437
436 597
437 438
437 581
437 587
437 588
437 595
438 439
439 368
439 369
439 370
439 440
439 587
439 588
439 590
439 593
439 600
439 644
440 441
440 445
440 471
440 570
440 582
440 587
440 589
440 590
440 593
440 644
441 442
441 587
441 589
441 644
442 369
442 441
442 443
442 587
442 589
442 590
442 591
442 592
442 593
442 644
443 444
443 585
443 615
444 445
444 583
444 586
444 587
444 589
444 593
444 595
444 601
444 644
445 446
446 447
446 602
446 626
447 448
447 604
448 449
449 450
449 630
450 451
451 452
452 453
453 454
454 455
455 456
456 457
456 618
457 458
458 459
459 460
460 461
461 462
461 618
462 445
462 463
462 589
462 601
463 464
463 588
463 615
463 626
464 465
465 466
466 467
467 468
468 445
468 469
469 470
470 445
470 463
470 471
470 589
470 595
470 601
471 447
471 464
471 472
471 602
471 615
471 626
472 473
472 595
473 474
473 598
474 445
474 463
474 471
474 475
475 447
475 472
475 476
475 602
475 626
476 477
476 598
477 478
477 612
478 443
478 479
478 598
478 607
479 480
480 481
480 586
480 595
481 482
481 588
481 594
482 483
483 484
484 485
485 486
486 481
486 487
487 481
487 482
487 488
488 479
488 489
489 490
490 491
490 618
491 492
492 493
493 494
494 495
495 496
496 497
497 498
498 499
499 464
499 500
499 615
499 626
500 501
500 603
500 627
501 448
501 490
501 502
501 604
502 449
502 503
502 605
503 504
504 505
505 506
506 507
507 508
508 509
509 510
510 511
511 512
512 513
512 636
513 514
514 515
515 516
516 517
516 599
517 445
517 475
517 513
517 518
517 592
517 625
518 499
518 519
519 447
519 472
519 476
519 500
519 520
519 615
519 626
520 501
520 521
520 594
520 603
520 627
521 522
521 588
521 628
522 449
522 503
522 523
522 629
523 450
523 524
523 630
524 525
524 600
525 526
526 527
527 480
527 528
528 529
529 530
530 531
531 532
532 533
533 462
533 534
533 618
534 535
534 637
535 459
535 536
536 537
537 538
538 539
539 540
540 535
540 541
540 637
541 518
541 542
542 465
542 500
542 543
542 626
543 544
544 545
545 546
546 472
546 547
547 548
548 470
548 549
549 491
549 550
549 618
550 551
550 589
550 596
551 545
551 552
552 545
552 553
552 596
553 554
554 555
555 556
556 449
556 523
556 557
557 558
557 594
557 630
558 448
558 502
558 559
559 443
559 479
559 546
559 560
559 587
559 593
559 607
559 644
560 561
561 562
562 539
562 563
563 443
563 479
563 517
563 564
564 552
564 565
564 612
565 552
565 566
566 477
566 567
566 598
567 474
567 541
567 568
568 569
568 583
568 587
568 588
568 595
568 644
569 445
569 463
569 471
569 570
569 601
570 477
570 480
570 535
570 567
570 571
570 587
570 590
570 598
570 600
570 607
570 644
571 501
571 572
571 587
571 588
571 594
571 627
572 522
572 573
573 574
574 575
575 576
576 577
577 574
577 578
577 588
578 579
579 535
579 546
579 560
579 571
579 580
579 590
580 445
580 581
580 583
580 588
580 595
581 440
581 479
581 582
581 587
581 588
581 590
581 593
581 644
582 583
582 595
583 582
583 584
583 588
584 582
584 585
584 594
584 615
585 586
585 595
586 443
586 582
586 584
586 587
586 588
586 589
586 590
586 593
586 644
587 588
587 593
587 594
587 595
587 615
587 628
587 644
588 582
588 587
588 589
588 593
588 596
588 644
589 587
589 590
589 593
589 644
590 589
590 591
590 592
590 593
590 644
591 590
591 592
591 593
591 598
591 637
591 644
592 591
592 593
592 644
593 594
594 595
595 596
596 597
597 598
598 599
599 600
600 595
600 601
601 602
602 603
603 604
604 605
605 606
606 598
606 607
607 600
607 608
608 609
609 610
610 608
610 611
611 609
611 612
612 613
613 614
614 615
615 616
616 617
617 618
618 619
619 620
620 621
621 622
622 623
623 618
623 624
624 625
625 602
625 615
625 626
626 627
627 595
627 604
627 628
628 629
629 594
629 600
629 630
630 631
631 632
632 633
633 634
634 635
635 598
635 599
635 636
636 598
636 599
636 637
637 638
638 639
639 638
639 640
640 638
640 639
640 641
641 639
641 640
641 642
642 643
643 592
643 644
644 593

0
